3725
8708
9385
7102
4627
4445
9889
359
6853
4977
726
603
5685
9469
5684
1649
7047
1836
4877
5973
9003
1725
7411
9526
1312
8514
869
7983
67
6117
5215
7923
5828
2934
1089
3356
3315
3925
4430
5966
6767
4694
4207
1248
166
1958
7799
6679
7671
3392
1054
7643
8241
9448
7312
6050
365
5364
7302
1338
3070
7196
1309
9360
7560
7736
1229
1536
4760
2296
9498
6308
8988
1157
5576
8686
7256
6130
148
9492
7069
7280
6669
7044
5222
56
656
3935
3216
2331
8118
1199
7228
5735
333
6994
7118
5494
5418
6874
4968
8970
3303
7347
8030
3017
104
6540
97
2167
7938
297
4129
2745
754
6177
4695
2464
283
2075
5634
5983
4041
3554
9321
3639
8317
8960
1203
9756
687
9452
5700
6177
1788
878
5149
3556
3624
7842
1033
3805
6446
795
1707
7445
6647
7060
6818
8192
7157
5000
2673
9690
2428
1870
7228
7274
6693
1302
4919
9525
4953
3590
2293
4495
4360
6129
7226
3096
2645
7905
6578
5988
9195
2707
8354
4328
6091
9936
2136
4966
6084
7432
4593
2909
8502
6075
9436
3349
9555
4969
5782
3593
1708
79
1887
4840
6632
3973
54
6557
1223
3181
6996
9232
7499
785
4528
346
7950
7003
2503
889
4891
5977
384
5906
5987
8574
7609
2545
8429
2789
4790
3597
477
5507
3248
4800
8019
622
2118
8094
4181
5554
399
24
7569
3446
5548
1966
8108
702
5114
8091
9422
2976
1737
261
433
5005
2173
5454
490
6488
2490
6033
6750
9365
7718
7852
8827
3473
5228
6283
4305
3363
9870
1941
3451
9444
5788
8287
998
4856
6524
4060
3210
8745
1427
1100
4751
5986
6155
2018
4185
1175
4173
3453
7431
4573
7193
5687
7650
5427
7651
7013
8603
5475
2385
825
4456
3821
7814
7190
7323
3098
748
4874
9978
1796
5711
6432
5944
7886
4665
1656
4591
9691
5046
7981
3452
8413
8441
9319
6440
8770
5515
5880
9379
1244
9328
3435
9403
2194
6002
3474
8259
667
5406
9610
4218
1175
1196
4003
7740
3111
7955
2573
8389
9334
7131
8805
4739
6137
3769
2487
5822
1088
7001
512
2870
3612
4677
9098
3334
5588
9035
2076
5876
639
8932
7121
8930
5671
8335
757
5696
9374
1205
6455
8351
7700
349
8703
5013
2135
3951
7016
3094
8276
2412
7415
3268
3730
5424
2631
6392
4713
2341
1145
6762
6536
5031
3870
2067
9957
1408
1111
2107
7135
4766
2413
8827
9580
4171
7606
5696
9374
1205
6455
8351
7700
349
8703
5013
2135
3951
7016
3094
8276
2412
7415
3268
3730
5424
2631
6392
4713
2341
1145
6762
6536
5031
3870
2067
9957
1408
1111
2107
7135
4766
2413
8827
9580
4171
7606
5696
9374
1205
6455
8351
7700
349
8703
5013
2135
3951
7016
3094
8276
2412
7415
3268
3730
5424
2631
6392
4713
2341
1145
6762
6536
5031
3870
2067
9957
1408
1111
2107
7135
4766
2413
8827
9580
4171
7606
5696
9374
1205
6455
8351
7700
349
8703
5013
2135
3951
7016
3094
8276
2412
7415
3268
3730
5424
2631
6392
4713
2341
1145
6762
6536
5031
3870
2067
9957
1408
1111
2107
7135
4766
2413
8827
9580
4171
7606
5696
9374
1205
6455
8351
7700
349
8703
5013
2135
3951
7016
3094
8276
2412
7415
3268
3730
5424
2631
6392
4713
2341
1145
6762
6536
5031
3870
2067
9957
1408
1111
2107
7135
4766
2413
8827
9580
4171
7606
5696
9374
1205
6455
8351
7700
349
8703
5013
2135
3951
7016
3094
8276
2412
7415
3268
3730
5424
2631
6392
4713
2341
1145
6762
6536
5031
3870
2067
9957
1408
1111
2107
7135
4766
2413
8827
9580
4171
7606
5696
9374
1205
6455
8351
7700
349
8703
5013
2135
3951
7016
3094
8276
2412
7415
3268
3730
5424
2631
6392
4713
2341
1145
6762
6536
5031
3870
2067
9957
1408
1111
2107
7135
4766
2413
8827
9580
4171
7606
5696
9374
1205
6455
8351
7700
349
8703
5013
2135
3951
7016
3094
8276
2412
7415
3268
3730
5424
2631
6392
4713
2341
1145
6762
6536
5031
3870
2067
9957
1408
1111
2107
7135
4766
2413
8827
9580
4171
7606
5696
9374
1205
6455
8351
7700
349
8703
5013
2135
3951
7016
3094
8276
2412
7415
3268
3730
5424
2631
6392
4713
2341
1145
6762
6536
5031
3870
2067
9957
1408
1111
2107
7135
4766
2413
8827
9580
4171
7606
5696
9374
1205
6455
8351
7700
349
8703
5013
2135
3951
7016
3094
8276
2412
7415
3268
3730
5424
2631
6392
4713
2341
1145
6762
6536
5031
3870
2067
9957
1408
1111
2107
7135
4766
2413
8827
9580
4171
7606
5696
9374
1205
6455
8351
7700
349
8703
5013
2135
3951
7016
3094
8276
2412
7415
3268
3730
5424
2631
6392
4713
2341
1145
6762
6536
5031
3870
2067
9957
1408
1111
2107
7135
4766
2413
8827
9580
4171
7606
5696
9374
1205
6455
8351
7700
349
8703
5013
2135
3951
7016
3094
8276
2412
7415
3268
3730
5424
2631
6392
4713
2341
1145
6762
6536
5031
3870
2067
9957
1408
1111
2107
7135
4766
2413
8827
9580
4171
7606
5696
9374
1205
6455
8351
7700
349
8703
5013
2135
3951
7016
3094
8276
2412
7415
3268
3730
5424
2631
6392
4713
2341
1145
6762
6536
5031
3870
2067
9957
1408
1111
2107
7135
4766
2413
8827
9580
4171
7606
5696
9374
1205
6455
8351
7700
349
8703
5013
2135
3951
7016
3094
8276
2412
7415
3268
3730
5424
2631
6392
4713
2341
1145
6762
6536
5031
3870
2067
9957
1408
1111
2107
7135
4766
2413
8827
9580
4171
7606
5696
9374
1205
6455
8351
7700
349
8703
5013
2135
3951
7016
3094
8276
2412
7415
3268
3730
5424
2631
6392
4713
2341
1145
6762
6536
5031
3870
2067
9957
1408
1111
2107
7135
4766
2413
8827
9580
4171
7606
5696
9374
1205
6455
8351
7700
349
8703
5013
2135
3951
7016
3094
8276
2412
7415
3268
3730
5424
2631
6392
4713
2341
1145
6762
6536
5031
3870
2067
9957
1408
1111
2107
7135
4766
2413
8827
9580
4171
7606
5696
9374
1205
6455
8351
7700
349
8703
5013
2135
3951
7016
3094
8276
2412
7415
3268
3730
5424
2631
6392
4713
2341
1145
6762
6536
5031
3870
2067
9957
1408
1111
2107
7135
4766
2413
8827
9580
4171
7606
5696
9374
1205
6455
8351
7700
349
8703
5013
2135
3951
7016
3094
8276
2412
7415
3268
3730
5424
2631
6392
4713
2341
1145
6762
6536
5031
3870
2067
9957
1408
1111
2107
7135
4766
2413
8827
9580
4171
7606
5696
9374
1205
6455
8351
7700
349
8703
5013
2135
3951
7016
3094
8276
2412
7415
3268
3730
5424
2631
6392
4713
2341
1145
6762
6536
5031
3870
2067
9957
1408
1111
2107
7135
4766
2413
8827
9580
4171
7606
5696
9374
1205
6455
8351
7700
349
8703
5013
2135
3951
7016
3094
8276
2412
7415
3268
3730
5424
2631
6392
4713
2341
1145
6762
6536
5031
3870
2067
9957
1408
1111
2107
7135
4766
2413
8827
9580
4171
7606
5696
9374
1205
6455
8351
7700
349
8703
5013
2135
3951
7016
3094
8276
2412
7415
3268
3730
5424
2631
6392
4713
2341
1145
6762
6536
5031
3870
2067
9957
1408
1111
2107
7135
4766
2413
8827
9580
4171
7606
5696
9374
1205
6455
8351
7700
349
8703
5013
2135
3951
7016
3094
8276
2412
7415
3268
3730
5424
2631
6392
4713
2341
1145
6762
6536
5031
3870
2067
9957
1408
1111
2107
7135
4766
2413
8827
9580
4171
7606
5696
9374
1205
6455
8351
7700
349
8703
5013
2135
3951
7016
3094
8276
2412
7415
3268
3730
5424
2631
6392
4713
2341
1145
6762
6536
5031
3870
2067
9957
1408
1111
2107
7135
4766
2413
8827
9580
4171
7606
5696
9374
1205
6455
8351
7700
349
8703
5013
2135
3951
7016
3094
8276
2412
7415
3268
3730
5424
2631
6392
4713
2341
1145
6762
6536
5031
3870
2067
9957
1408
1111
2107
7135
4766
2413
8827
9580
4171
7606
5696
9374
1205
6455
8351
7700
349
8703
5013
2135
3951
7016
3094
8276
2412
7415
3268
3730
5424
2631
6392
4713
2341
1145
6762
6536
5031
3870
2067
9957
1408
1111
2107
7135
4766
2413
8827
9580
4171
7606
5696
9374
1205
6455
8351
7700
349
8703
5013
2135
3951
7016
3094
8276
2412
7415
3268
3730
5424
2631
6392
4713
2341
1145
6762
6536
5031
3870
2067
9957
1408
1111
2107
7135
4766
2413
8827
9580
4171
7606
5696
9374
1205
6455
8351
7700
349
8703
5013
2135
3951
7016
3094
8276
2412
7415
3268
3730
5424
2631
6392
4713
2341
1145
6762
6536
5031
3870
2067
9957
1408
1111
2107
7135
4766
2413
8827
9580
4171
7606
5696
9374
1205
6455
8351
7700
349
8703
5013
2135
3951
7016
3094
8276
2412
7415
3268
3730
5424
2631
6392
4713
2341
1145
6762
6536
5031
3870
2067
9957
1408
1111
2107
7135
4766
2413
8827
9580
4171
7606
5696
9374
1205
6455
8351
7700
349
8703
5013
2135
3951
7016
3094
8276
2412
7415
3268
3730
5424
2631
6392
4713
2341
1145
6762
6536
5031
3870
2067
9957
1408
1111
2107
7135
4766
2413
8827
9580
4171
7606
5696
9374
1205
6455
8351
7700
349
8703
5013
2135
3951
7016
3094
8276
2412
7415
3268
3730
5424
2631
6392
4713
2341
1145
6762
6536
5031
3870
2067
9957
1408
1111
2107
7135
4766
2413
8827
9580
4171
7606
5696
9374
1205
6455
8351
7700
349
8703
5013
2135
3951
7016
3094
8276
2412
7415
3268
3730
5424
2631
6392
4713
2341
1145
6762
6536
5031
3870
2067
9957
1408
1111
2107
7135
4766
2413
8827
9580
4171
7606
5696
9374
1205
6455
8351
7700
349
8703
5013
2135
3951
7016
3094
8276
2412
7415
3268
3730
5424
2631
6392
4713
2341
1145
6762
6536
5031
3870
2067
9957
1408
1111
2107
7135
4766
2413
8827
9580
4171
7606
5696
9374
1205
6455
8351
7700
349
8703
5013
2135
3951
7016
3094
8276
2412
7415
3268
3730
5424
2631
6392
4713
2341
1145
6762
6536
5031
3870
2067
9957
1408
1111
2107
7135
4766
2413
8827
9580
4171
7606
5696
9374
1205
6455
8351
7700
349
8703
5013
2135
3951
7016
3094
8276
2412
7415
3268
3730
5424
2631
6392
4713
2341
1145
6762
6536
5031
3870
2067
9957
1408
1111
2107
7135
4766
2413
8827
9580
4171
7606
5696
9374
1205
6455
8351
7700
349
8703
5013
2135
3951
7016
3094
8276
2412
7415
3268
3730
5424
2631
6392
4713
2341
1145
6762
6536
5031
3870
2067
9957
1408
1111
2107
7135
4766
2413
8827
9580
4171
7606
5696
9374
1205
6455
8351
7700
349
8703
5013
2135
3951
7016
3094
8276
2412
7415
3268
3730
5424
2631
6392
4713
2341
1145
6762
6536
5031
3870
2067
9957
1408
1111
2107
7135
4766
2413
8827
9580
4171
7606
5696
9374
1205
6455
8351
7700
349
8703
5013
2135
3951
7016
3094
8276
2412
7415
3268
3730
5424
2631
6392
4713
2341
1145
6762
6536
5031
3870
2067
9957
1408
1111
2107
7135
4766
2413
8827
9580
4171
7606
5696
9374
1205
6455
8351
7700
349
8703
5013
2135
3951
7016
3094
8276
2412
7415
3268
3730
5424
2631
6392
4713
2341
1145
6762
6536
5031
3870
2067
9957
1408
1111
2107
7135
4766
2413
8827
9580
4171
7606
5696
9374
1205
6455
8351
7700
349
8703
5013
2135
3951
7016
3094
8276
2412
7415
3268
3730
5424
2631
6392
4713
2341
1145
6762
6536
5031
3870
2067
9957
1408
1111
2107
7135
4766
2413
8827
9580
4171
7606
5696
9374
1205
6455
8351
7700
349
8703
5013
2135
3951
7016
3094
8276
2412
7415
3268
3730
5424
2631
6392
4713
2341
1145
6762
6536
5031
3870
2067
9957
1408
1111
2107
7135
4766
2413
8827
9580
4171
7606
5696
9374
1205
6455
8351
7700
349
8703
5013
2135
3951
7016
3094
8276
2412
7415
3268
3730
5424
2631
6392
4713
2341
1145
6762
6536
5031
3870
2067
9957
1408
1111
2107
7135
4766
2413
8827
9580
4171
7606
5696
9374
1205
6455
8351
7700
349
8703
5013
2135
3951
7016
3094
8276
2412
7415
3268
3730
5424
2631
6392
4713
2341
1145
6762
6536
5031
3870
2067
9957
1408
1111
2107
7135
4766
2413
8827
9580
4171
7606
5696
9374
1205
6455
8351
7700
349
8703
5013
2135
3951
7016
3094
8276
2412
7415
3268
3730
5424
2631
6392
4713
2341
1145
6762
6536
5031
3870
2067
9957
1408
1111
2107
7135
4766
2413
8827
9580
4171
7606
5696
9374
1205
6455
8351
7700
349
8703
5013
2135
3951
7016
3094
8276
2412
7415
3268
3730
5424
2631
6392
4713
2341
1145
6762
6536
5031
3870
2067
9957
1408
1111
2107
7135
4766
2413
8827
9580
4171
7606
5696
9374
1205
6455
8351
7700
349
8703
5013
2135
3951
7016
3094
8276
2412
7415
3268
3730
5424
2631
6392
4713
2341
1145
6762
6536
5031
3870
2067
9957
1408
1111
2107
7135
4766
2413
8827
9580
4171
7606
5696
9374
1205
6455
8351
7700
349
8703
5013
2135
3951
7016
3094
8276
2412
7415
3268
3730
5424
2631
6392
4713
2341
1145
6762
6536
5031
3870
2067
9957
1408
1111
2107
7135
4766
2413
8827
9580
4171
7606
5696
9374
1205
6455
8351
7700
349
8703
5013
2135
3951
7016
3094
8276
2412
7415
3268
3730
5424
2631
6392
4713
2341
1145
6762
6536
5031
3870
2067
9957
1408
1111
2107
7135
4766
2413
8827
9580
4171
7606
5696
9374
1205
6455
8351
7700
349
8703
5013
2135
3951
7016
3094
8276
2412
7415
3268
3730
5424
2631
6392
4713
2341
1145
6762
6536
5031
3870
2067
9957
1408
1111
2107
7135
4766
2413
8827
9580
4171
7606
5696
9374
1205
6455
8351
7700
349
8703
5013
2135
3951
7016
3094
8276
2412
7415
3268
3730
5424
2631
6392
4713
2341
1145
6762
6536
5031
3870
2067
9957
1408
1111
2107
7135
4766
2413
8827
9580
4171
7606
5696
9374
1205
6455
8351
7700
349
8703
5013
2135
3951
7016
3094
8276
2412
7415
3268
3730
5424
2631
6392
4713
2341
1145
6762
6536
5031
3870
2067
9957
1408
1111
2107
7135
4766
2413
8827
9580
4171
7606
5696
9374
1205
6455
8351
7700
349
8703
5013
2135
3951
7016
3094
8276
2412
7415
3268
3730
5424
2631
6392
4713
2341
1145
6762
6536
5031
3870
2067
9957
1408
1111
2107
7135
4766
2413
8827
9580
4171
7606
5696
9374
1205
6455
8351
7700
349
8703
5013
2135
3951
7016
3094
8276
2412
7415
3268
3730
5424
2631
6392
4713
2341
1145
6762
6536
5031
3870
2067
9957
1408
1111
2107
7135
4766
2413
8827
9580
4171
7606
5696
9374
1205
6455
8351
7700
349
8703
5013
2135
3951
7016
3094
8276
2412
7415
3268
3730
5424
2631
6392
4713
2341
1145
6762
6536
5031
3870
2067
9957
1408
1111
2107
7135
4766
2413
8827
9580
4171
7606
5696
9374
1205
6455
8351
7700
349
8703
5013
2135
3951
7016
3094
8276
2412
7415
3268
3730
5424
2631
6392
4713
2341
1145
6762
6536
5031
3870
2067
9957
1408
1111
2107
7135
4766
2413
8827
9580
4171
7606
5696
9374
1205
6455
8351
7700
349
8703
5013
2135
3951
7016
3094
8276
2412
7415
3268
3730
5424
2631
6392
4713
2341
1145
6762
6536
5031
3870
2067
9957
1408
1111
2107
7135
4766
2413
8827
9580
4171
7606
5696
9374
1205
6455
8351
7700
349
8703
5013
2135
3951
7016
3094
8276
2412
7415
3268
3730
5424
2631
6392
4713
2341
1145
6762
6536
5031
3870
2067
9957
1408
1111
2107
7135
4766
2413
8827
9580
4171
7606
5696
9374
1205
6455
8351
7700
349
8703
5013
2135
3951
7016
3094
8276
2412
7415
3268
3730
5424
2631
6392
4713
2341
1145
6762
6536
5031
3870
2067
9957
1408
1111
2107
7135
4766
2413
8827
9580
4171
7606
5696
9374
1205
6455
8351
7700
349
8703
5013
2135
3951
7016
3094
8276
2412
7415
3268
3730
5424
2631
6392
4713
2341
1145
6762
6536
5031
3870
2067
9957
1408
1111
2107
7135
4766
2413
8827
9580
4171
7606
5696
9374
1205
6455
8351
7700
349
8703
5013
2135
3951
7016
3094
8276
2412
7415
3268
3730
5424
2631
6392
4713
2341
1145
6762
6536
5031
3870
2067
9957
1408
1111
2107
7135
4766
2413
8827
9580
4171
7606
5696
9374
1205
6455
8351
7700
349
8703
5013
2135
3951
7016
3094
8276
2412
7415
3268
3730
5424
2631
6392
4713
2341
1145
6762
6536
5031
3870
2067
9957
1408
1111
2107
7135
4766
2413
8827
9580
4171
7606
5696
9374
1205
6455
8351
7700
349
8703
5013
2135
3951
7016
3094
8276
2412
7415
3268
3730
5424
2631
6392
4713
2341
1145
6762
6536
5031
3870
2067
9957
1408
1111
2107
7135
4766
2413
8827
9580
4171
7606
5696
9374
1205
6455
8351
7700
349
8703
5013
2135
3951
7016
3094
8276
2412
7415
3268
3730
5424
2631
6392
4713
2341
1145
6762
6536
5031
3870
2067
9957
1408
1111
2107
7135
4766
2413
8827
9580
4171
7606
5696
9374
1205
6455
8351
7700
349
8703
5013
2135
3951
7016
3094
8276
2412
7415
3268
3730
5424
2631
6392
4713
2341
1145
6762
6536
5031
3870
2067
9957
1408
1111
2107
7135
4766
2413
8827
9580
4171
7606
5696
9374
1205
6455
8351
7700
349
8703
5013
2135
3951
7016
3094
8276
2412
7415
3268
3730
5424
2631
6392
4713
2341
1145
6762
6536
5031
3870
2067
9957
1408
1111
2107
7135
4766
2413
8827
9580
4171
7606
5696
9374
1205
6455
8351
7700
349
8703
5013
2135
3951
7016
3094
8276
2412
7415
3268
3730
5424
2631
6392
4713
2341
1145
6762
6536
5031
3870
2067
9957
1408
1111
2107
7135
4766
2413
8827
9580
4171
7606
5696
9374
1205
6455
8351
7700
349
8703
5013
2135
3951
7016
3094
8276
2412
7415
3268
3730
5424
2631
6392
4713
2341
1145
6762
6536
5031
3870
2067
9957
1408
1111
2107
7135
4766
2413
8827
9580
4171
7606
5696
9374
1205
6455
8351
7700
349
8703
5013
2135
3951
7016
3094
8276
2412
7415
3268
3730
5424
2631
6392
4713
2341
1145
6762
6536
5031
3870
2067
9957
1408
1111
2107
7135
4766
2413
8827
9580
4171
7606
5696
9374
1205
6455
8351
7700
349
8703
5013
2135
3951
7016
3094
8276
2412
7415
3268
3730
5424
2631
6392
4713
2341
1145
6762
6536
5031
3870
2067
9957
1408
1111
2107
7135
4766
2413
8827
9580
4171
7606
5696
9374
1205
6455
8351
7700
349
8703
5013
2135
3951
7016
3094
8276
2412
7415
3268
3730
5424
2631
6392
4713
2341
1145
6762
6536
5031
3870
2067
9957
1408
1111
2107
7135
4766
2413
8827
9580
4171
7606
5696
9374
1205
6455
8351
7700
349
8703
5013
2135
3951
7016
3094
8276
2412
7415
3268
3730
5424
2631
6392
4713
2341
1145
6762
6536
5031
3870
2067
9957
1408
1111
2107
7135
4766
2413
8827
9580
4171
7606
5696
9374
1205
6455
8351
7700
349
8703
5013
2135
3951
7016
3094
8276
2412
7415
3268
3730
5424
2631
6392
4713
2341
1145
6762
6536
5031
3870
2067
9957
1408
1111
2107
7135
4766
2413
8827
9580
4171
7606
5696
9374
1205
6455
8351
7700
349
8703
5013
2135
3951
7016
3094
8276
2412
7415
3268
3730
5424
2631
6392
4713
2341
1145
6762
6536
5031
3870
2067
9957
1408
1111
2107
7135
4766
2413
8827
9580
4171
7606
5696
9374
1205
6455
8351
7700
349
8703
5013
2135
3951
7016
3094
8276
2412
7415
3268
3730
5424
2631
6392
4713
2341
1145
6762
6536
5031
3870
2067
9957
1408
1111
2107
7135
4766
2413
8827
9580
4171
7606
5696
9374
1205
6455
8351
7700
349
8703
5013
2135
3951
7016
3094
8276
2412
7415
3268
3730
5424
2631
6392
4713
2341
1145
6762
6536
5031
3870
2067
9957
1408
1111
2107
7135
4766
2413
8827
9580
4171
7606
5696
9374
1205
6455
8351
7700
349
8703
5013
2135
3951
7016
3094
8276
2412
7415
3268
3730
5424
2631
6392
4713
2341
1145
6762
6536
5031
3870
2067
9957
1408
1111
2107
7135
4766
2413
8827
9580
4171
7606
5696
9374
1205
6455
8351
7700
349
8703
5013
2135
3951
7016
3094
8276
2412
7415
3268
3730
5424
2631
6392
4713
2341
1145
6762
6536
5031
3870
2067
9957
1408
1111
2107
7135
4766
2413
8827
9580
4171
7606
5696
9374
1205
6455
8351
7700
349
8703
5013
2135
3951
7016
3094
8276
2412
7415
3268
3730
5424
2631
6392
4713
2341
1145
6762
6536
5031
3870
2067
9957
1408
1111
2107
7135
4766
2413
8827
9580
4171
7606
5696
9374
1205
6455
8351
7700
349
8703
5013
2135
3951
7016
3094
8276
2412
7415
3268
3730
5424
2631
6392
4713
2341
1145
6762
6536
5031
3870
2067
9957
1408
1111
2107
7135
4766
2413
8827
9580
4171
7606
5696
9374
1205
6455
8351
7700
349
8703
5013
2135
3951
7016
3094
8276
2412
7415
3268
3730
5424
2631
6392
4713
2341
1145
6762
6536
5031
3870
2067
9957
1408
1111
2107
7135
4766
2413
8827
9580
4171
7606
5696
9374
1205
6455
8351
7700
349
8703
5013
2135
3951
7016
3094
8276
2412
7415
3268
3730
5424
2631
6392
4713
2341
1145
6762
6536
5031
3870
2067
9957
1408
1111
2107
7135
4766
2413
8827
9580
4171
7606
5696
9374
1205
6455
8351
7700
349
8703
5013
2135
3951
7016
3094
8276
2412
7415
3268
3730
5424
2631
6392
4713
2341
1145
6762
6536
5031
3870
2067
9957
1408
1111
2107
7135
4766
2413
8827
9580
4171
7606
5696
9374
1205
6455
8351
7700
349
8703
5013
2135
3951
7016
3094
8276
2412
7415
3268
3730
5424
2631
6392
4713
2341
1145
6762
6536
5031
3870
2067
9957
1408
1111
2107
7135
4766
2413
8827
9580
4171
7606
5696
9374
1205
6455
8351
7700
349
8703
5013
2135
3951
7016
3094
8276
2412
7415
3268
3730
5424
2631
6392
4713
2341
1145
6762
6536
5031
3870
2067
9957
1408
1111
2107
7135
4766
2413
8827
9580
4171
7606
5696
9374
1205
6455
8351
7700
349
8703
5013
2135
3951
7016
3094
8276
2412
7415
3268
3730
5424
2631
6392
4713
2341
1145
6762
6536
5031
3870
2067
9957
1408
1111
2107
7135
4766
2413
8827
9580
4171
7606
5696
9374
1205
6455
8351
7700
349
8703
5013
2135
3951
7016
3094
8276
2412
7415
3268
3730
5424
2631
6392
4713
2341
1145
6762
6536
5031
3870
2067
9957
1408
1111
2107
7135
4766
2413
8827
9580
4171
7606
5696
9374
1205
6455
8351
7700
349
8703
5013
2135
3951
7016
3094
8276
2412
7415
3268
3730
5424
2631
6392
4713
2341
1145
6762
6536
5031
3870
2067
9957
1408
1111
2107
7135
4766
2413
8827
9580
4171
7606
5696
9374
1205
6455
8351
7700
349
8703
5013
2135
3951
7016
3094
8276
2412
7415
3268
3730
5424
2631
6392
4713
2341
1145
6762
6536
5031
3870
2067
9957
1408
1111
2107
7135
4766
2413
8827
9580
4171
7606
5696
9374
1205
6455
8351
7700
349
8703
5013
2135
3951
7016
3094
8276
2412
7415
3268
3730
5424
2631
6392
4713
2341
1145
6762
6536
5031
3870
2067
9957
1408
1111
2107
7135
4766
2413
8827
9580
4171
7606
5696
9374
1205
6455
8351
7700
349
8703
5013
2135
3951
7016
3094
8276
2412
7415
3268
3730
5424
2631
6392
4713
2341
1145
6762
6536
5031
3870
2067
9957
1408
1111
2107
7135
4766
2413
8827
9580
4171
7606
5696
9374
1205
6455
8351
7700
349
8703
5013
2135
3951
7016
3094
8276
2412
7415
3268
3730
5424
2631
6392
4713
2341
1145
6762
6536
5031
3870
2067
9957
1408
1111
2107
7135
4766
2413
8827
9580
4171
7606
5696
9374
1205
6455
8351
7700
349
8703
5013
2135
3951
7016
3094
8276
2412
7415
3268
3730
5424
2631
6392
4713
2341
1145
6762
6536
5031
3870
2067
9957
1408
1111
2107
7135
4766
2413
8827
9580
4171
7606
5696
9374
1205
6455
8351
7700
349
8703
5013
2135
3951
7016
3094
8276
2412
7415
3268
3730
5424
2631
6392
4713
2341
1145
6762
6536
5031
3870
2067
9957
1408
1111
2107
7135
4766
2413
8827
9580
4171
7606
5696
9374
1205
6455
8351
7700
349
8703
5013
2135
3951
7016
3094
8276
2412
7415
3268
3730
5424
2631
6392
4713
2341
1145
6762
6536
5031
3870
2067
9957
1408
1111
2107
7135
4766
2413
8827
9580
4171
7606
5696
9374
1205
6455
8351
7700
349
8703
5013
2135
3951
7016
3094
8276
2412
7415
3268
3730
5424
2631
6392
4713
2341
1145
6762
6536
5031
3870
2067
9957
1408
1111
2107
7135
4766
2413
8827
9580
4171
7606
5696
9374
1205
6455
8351
7700
349
8703
5013
2135
3951
7016
3094
8276
2412
7415
3268
3730
5424
2631
6392
4713
2341
1145
6762
6536
5031
3870
2067
9957
1408
1111
2107
7135
4766
2413
8827
9580
4171
7606
5696
9374
1205
6455
8351
7700
349
8703
5013
2135
3951
7016
3094
8276
2412
7415
3268
3730
5424
2631
6392
4713
2341
1145
6762
6536
5031
3870
2067
9957
1408
1111
2107
7135
4766
2413
8827
9580
4171
7606
5696
9374
1205
6455
8351
7700
349
8703
5013
2135
3951
7016
3094
8276
2412
7415
3268
3730
5424
2631
6392
4713
2341
1145
6762
6536
5031
3870
2067
9957
1408
1111
2107
7135
4766
2413
8827
9580
4171
7606
5696
9374
1205
6455
8351
7700
349
8703
5013
2135
3951
7016
3094
8276
2412
7415
3268
3730
5424
2631
6392
4713
2341
1145
6762
6536
5031
3870
2067
9957
1408
1111
2107
7135
4766
2413
8827
9580
4171
7606
5696
9374
1205
6455
8351
7700
349
8703
5013
2135
3951
7016
3094
8276
2412
7415
3268
3730
5424
2631
6392
4713
2341
1145
6762
6536
5031
3870
2067
9957
1408
1111
2107
7135
4766
2413
8827
9580
4171
7606
5696
9374
1205
6455
8351
7700
349
8703
5013
2135
3951
7016
3094
8276
2412
7415
3268
3730
5424
2631
6392
4713
2341
1145
6762
6536
5031
3870
2067
9957
1408
1111
2107
7135
4766
2413
8827
9580
4171
7606
5696
9374
1205
6455
8351
7700
349
8703
5013
2135
3951
7016
3094
8276
2412
7415
3268
3730
5424
2631
6392
4713
2341
1145
6762
6536
5031
3870
2067
9957
1408
1111
2107
7135
4766
2413
8827
9580
4171
7606
5696
9374
1205
6455
8351
7700
349
8703
5013
2135
3951
7016
3094
8276
2412
7415
3268
3730
5424
2631
6392
4713
2341
1145
6762
6536
5031
3870
2067
9957
1408
1111
2107
7135
4766
2413
8827
9580
4171
7606
5696
9374
1205
6455
8351
7700
349
8703
5013
2135
3951
7016
3094
8276
2412
7415
3268
3730
5424
2631
6392
4713
2341
1145
6762
6536
5031
3870
2067
9957
1408
1111
2107
7135
4766
2413
8827
9580
4171
7606
5696
9374
1205
6455
8351
7700
349
8703
5013
2135
3951
7016
3094
8276
2412
7415
3268
3730
5424
2631
6392
4713
2341
1145
6762
6536
5031
3870
2067
9957
1408
1111
2107
7135
4766
2413
8827
9580
4171
7606
5696
9374
1205
6455
8351
7700
349
8703
5013
2135
3951
7016
3094
8276
2412
7415
3268
3730
5424
2631
6392
4713
2341
1145
6762
6536
5031
3870
2067
9957
1408
1111
2107
7135
4766
2413
8827
9580
4171
7606
5696
9374
1205
6455
8351
7700
349
8703
5013
2135
3951
7016
3094
8276
2412
7415
3268
3730
5424
2631
6392
4713
2341
1145
6762
6536
5031
3870
2067
9957
1408
1111
2107
7135
4766
2413
8827
9580
4171
7606
5696
9374
1205
6455
8351
7700
349
8703
5013
2135
3951
7016
3094
8276
2412
7415
3268
3730
5424
2631
6392
4713
2341
1145
6762
6536
5031
3870
2067
9957
1408
1111
2107
7135
4766
2413
8827
9580
4171
7606
5696
9374
1205
6455
8351
7700
349
8703
5013
2135
3951
7016
3094
8276
2412
7415
3268
3730
5424
2631
6392
4713
2341
1145
6762
6536
5031
3870
2067
9957
1408
1111
2107
7135
4766
2413
8827
9580
4171
7606
5696
9374
1205
6455
8351
7700
349
8703
5013
2135
3951
7016
3094
8276
2412
7415
3268
3730
5424
2631
6392
4713
2341
1145
6762
6536
5031
3870
2067
9957
1408
1111
2107
7135
4766
2413
8827
9580
4171
7606
5696
9374
1205
6455
8351
7700
349
8703
5013
2135
3951
7016
3094
8276
2412
7415
3268
3730
5424
2631
6392
4713
2341
1145
6762
6536
5031
3870
2067
9957
1408
1111
2107
7135
4766
2413
8827
9580
4171
7606
5696
9374
1205
6455
8351
7700
349
8703
5013
2135
3951
7016
3094
8276
2412
7415
3268
3730
5424
2631
6392
4713
2341
1145
6762
6536
5031
3870
2067
9957
1408
1111
2107
7135
4766
2413
8827
9580
4171
7606
5696
9374
1205
6455
8351
7700
349
8703
5013
2135
3951
7016
3094
8276
2412
7415
3268
3730
5424
2631
6392
4713
2341
1145
6762
6536
5031
3870
2067
9957
1408
1111
2107
7135
4766
2413
8827
9580
4171
7606
5696
9374
1205
6455
8351
7700
349
8703
5013
2135
3951
7016
3094
8276
2412
7415
3268
3730
5424
2631
6392
4713
2341
1145
6762
6536
5031
3870
2067
9957
1408
1111
2107
7135
4766
2413
8827
9580
4171
7606
5696
9374
1205
6455
8351
7700
349
8703
5013
2135
3951
7016
3094
8276
2412
7415
3268
3730
5424
2631
6392
4713
2341
1145
6762
6536
5031
3870
2067
9957
1408
1111
2107
7135
4766
2413
8827
9580
4171
7606
5696
9374
1205
6455
8351
7700
349
8703
5013
2135
3951
7016
3094
8276
2412
7415
3268
3730
5424
2631
6392
4713
2341
1145
6762
6536
5031
3870
2067
9957
1408
1111
2107
7135
4766
2413
8827
9580
4171
7606
5696
9374
1205
6455
8351
7700
349
8703
5013
2135
3951
7016
3094
8276
2412
7415
3268
3730
5424
2631
6392
4713
2341
1145
6762
6536
5031
3870
2067
9957
1408
1111
2107
7135
4766
2413
8827
9580
4171
7606
5696
9374
1205
6455
8351
7700
349
8703
5013
2135
3951
7016
3094
8276
2412
7415
3268
3730
5424
2631
6392
4713
2341
1145
6762
6536
5031
3870
2067
9957
1408
1111
2107
7135
4766
2413
8827
9580
4171
7606
5696
9374
1205
6455
8351
7700
349
8703
5013
2135
3951
7016
3094
8276
2412
7415
3268
3730
5424
2631
6392
4713
2341
1145
6762
6536
5031
3870
2067
9957
1408
1111
2107
7135
4766
2413
8827
9580
4171
7606
5696
9374
1205
6455
8351
7700
349
8703
5013
2135
3951
7016
3094
8276
2412
7415
3268
3730
5424
2631
6392
4713
2341
1145
6762
6536
5031
3870
2067
9957
1408
1111
2107
7135
4766
2413
8827
9580
4171
7606
5696
9374
1205
6455
8351
7700
349
8703
5013
2135
3951
7016
3094
8276
2412
7415
3268
3730
5424
2631
6392
4713
2341
1145
6762
6536
5031
3870
2067
9957
1408
1111
2107
7135
4766
2413
8827
9580
4171
7606
5696
9374
1205
6455
8351
7700
349
8703
5013
2135
3951
7016
3094
8276
2412
7415
3268
3730
5424
2631
6392
4713
2341
1145
6762
6536
5031
3870
2067
9957
1408
1111
2107
7135
4766
2413
8827
9580
4171
7606
5696
9374
1205
6455
8351
7700
349
8703
5013
2135
3951
7016
3094
8276
2412
7415
3268
3730
5424
2631
6392
4713
2341
1145
6762
6536
5031
3870
2067
9957
1408
1111
2107
7135
4766
2413
8827
9580
4171
7606
5696
9374
1205
6455
8351
7700
349
8703
5013
2135
3951
7016
3094
8276
2412
7415
3268
3730
5424
2631
6392
4713
2341
1145
6762
6536
5031
3870
2067
9957
1408
1111
2107
7135
4766
2413
8827
9580
4171
7606
5696
9374
1205
6455
8351
7700
349
8703
5013
2135
3951
7016
3094
8276
2412
7415
3268
3730
5424
2631
6392
4713
2341
1145
6762
6536
5031
3870
2067
9957
1408
1111
2107
7135
4766
2413
8827
9580
4171
7606
5696
9374
1205
6455
8351
7700
349
8703
5013
2135
3951
7016
3094
8276
2412
7415
3268
3730
5424
2631
6392
4713
2341
1145
6762
6536
5031
3870
2067
9957
1408
1111
2107
7135
4766
2413
8827
9580
4171
7606
5696
9374
1205
6455
8351
7700
349
8703
5013
2135
3951
7016
3094
8276
2412
7415
3268
3730
5424
2631
6392
4713
2341
1145
6762
6536
5031
3870
2067
9957
1408
1111
2107
7135
4766
2413
8827
9580
4171
7606
5696
9374
1205
6455
8351
7700
349
8703
5013
2135
3951
7016
3094
8276
2412
7415
3268
3730
5424
2631
6392
4713
2341
1145
6762
6536
5031
3870
2067
9957
1408
1111
2107
7135
4766
2413
8827
9580
4171
7606
5696
9374
1205
6455
8351
7700
349
8703
5013
2135
3951
7016
3094
8276
2412
7415
3268
3730
5424
2631
6392
4713
2341
1145
6762
6536
5031
3870
2067
9957
1408
1111
2107
7135
4766
2413
8827
9580
4171
7606
5696
9374
1205
6455
8351
7700
349
8703
5013
2135
3951
7016
3094
8276
2412
7415
3268
3730
5424
2631
6392
4713
2341
1145
6762
6536
5031
3870
2067
9957
1408
1111
2107
7135
4766
2413
8827
9580
4171
7606
5696
9374
1205
6455
8351
7700
349
8703
5013
2135
3951
7016
3094
8276
2412
7415
3268
3730
5424
2631
6392
4713
2341
1145
6762
6536
5031
3870
2067
9957
1408
1111
2107
7135
4766
2413
8827
9580
4171
7606
5696
9374
1205
6455
8351
7700
349
8703
5013
2135
3951
7016
3094
8276
2412
7415
3268
3730
5424
2631
6392
4713
2341
1145
6762
6536
5031
3870
2067
9957
1408
1111
2107
7135
4766
2413
8827
9580
4171
7606
5696
9374
1205
6455
8351
7700
349
8703
5013
2135
3951
7016
3094
8276
2412
7415
3268
3730
5424
2631
6392
4713
2341
1145
6762
6536
5031
3870
2067
9957
1408
1111
2107
7135
4766
2413
8827
9580
4171
7606
5696
9374
1205
6455
8351
7700
349
8703
5013
2135
3951
7016
3094
8276
2412
7415
3268
3730
5424
2631
6392
4713
2341
1145
6762
6536
5031
3870
2067
9957
1408
1111
2107
7135
4766
2413
8827
9580
4171
7606
5696
9374
1205
6455
8351
7700
349
8703
5013
2135
3951
7016
3094
8276
2412
7415
3268
3730
5424
2631
6392
4713
2341
1145
6762
6536
5031
3870
2067
9957
1408
1111
2107
7135
4766
2413
8827
9580
4171
7606
5696
9374
1205
6455
8351
7700
349
8703
5013
2135
3951
7016
3094
8276
2412
7415
3268
3730
5424
2631
6392
4713
2341
1145
6762
6536
5031
3870
2067
9957
1408
1111
2107
7135
4766
2413
8827
9580
4171
7606
5696
9374
1205
6455
8351
7700
349
8703
5013
2135
3951
7016
3094
8276
2412
7415
3268
3730
5424
2631
6392
4713
2341
1145
6762
6536
5031
3870
2067
9957
1408
1111
2107
7135
4766
2413
8827
9580
4171
7606
5696
9374
1205
6455
8351
7700
349
8703
5013
2135
3951
7016
3094
8276
2412
7415
3268
3730
5424
2631
6392
4713
2341
1145
6762
6536
5031
3870
2067
9957
1408
1111
2107
7135
4766
2413
8827
9580
4171
7606
5696
9374
1205
6455
8351
7700
349
8703
5013
2135
3951
7016
3094
8276
2412
7415
3268
3730
5424
2631
6392
4713
2341
1145
6762
6536
5031
3870
2067
9957
1408
1111
2107
7135
4766
2413
8827
9580
4171
7606
5696
9374
1205
6455
8351
7700
349
8703
5013
2135
3951
7016
3094
8276
2412
7415
3268
3730
5424
2631
6392
4713
2341
1145
6762
6536
5031
3870
2067
9957
1408
1111
2107
7135
4766
2413
8827
9580
4171
7606
5696
9374
1205
6455
8351
7700
349
8703
5013
2135
3951
7016
3094
8276
2412
7415
3268
3730
5424
2631
6392
4713
2341
1145
6762
6536
5031
3870
2067
9957
1408
1111
2107
7135
4766
2413
8827
9580
4171
7606
5696
9374
1205
6455
8351
7700
349
8703
5013
2135
3951
7016
3094
8276
2412
7415
3268
3730
5424
2631
6392
4713
2341
1145
6762
6536
5031
3870
2067
9957
1408
1111
2107
7135
4766
2413
8827
9580
4171
7606
5696
9374
1205
6455
8351
7700
349
8703
5013
2135
3951
7016
3094
8276
2412
7415
3268
3730
5424
2631
6392
4713
2341
1145
6762
6536
5031
3870
2067
9957
1408
1111
2107
7135
4766
2413
8827
9580
4171
7606
5696
9374
1205
6455
8351
7700
349
8703
5013
2135
3951
7016
3094
8276
2412
7415
3268
3730
5424
2631
6392
4713
2341
1145
6762
6536
5031
3870
2067
9957
1408
1111
2107
7135
4766
2413
8827
9580
4171
7606
5696
9374
1205
6455
8351
7700
349
8703
5013
2135
3951
7016
3094
8276
2412
7415
3268
3730
5424
2631
6392
4713
2341
1145
6762
6536
5031
3870
2067
9957
1408
1111
2107
7135
4766
2413
8827
9580
4171
7606
5696
9374
1205
6455
8351
7700
349
8703
5013
2135
3951
7016
3094
8276
2412
7415
3268
3730
5424
2631
6392
4713
2341
1145
6762
6536
5031
3870
2067
9957
1408
1111
2107
7135
4766
2413
8827
9580
4171
7606
5696
9374
1205
6455
8351
7700
349
8703
5013
2135
3951
7016
3094
8276
2412
7415
3268
3730
5424
2631
6392
4713
2341
1145
6762
6536
5031
3870
2067
9957
1408
1111
2107
7135
4766
2413
8827
9580
4171
7606
5696
9374
1205
6455
8351
7700
349
8703
5013
2135
3951
7016
3094
8276
2412
7415
3268
3730
5424
2631
6392
4713
2341
1145
6762
6536
5031
3870
2067
9957
1408
1111
2107
7135
4766
2413
8827
9580
4171
7606
5696
9374
1205
6455
8351
7700
349
8703
5013
2135
3951
7016
3094
8276
2412
7415
3268
3730
5424
2631
6392
4713
2341
1145
6762
6536
5031
3870
2067
9957
1408
1111
2107
7135
4766
2413
8827
9580
4171
7606
5696
9374
1205
6455
8351
7700
349
8703
5013
2135
3951
7016
3094
8276
2412
7415
3268
3730
5424
2631
6392
4713
2341
1145
6762
6536
5031
3870
2067
9957
1408
1111
2107
7135
4766
2413
8827
9580
4171
7606
5696
9374
1205
6455
8351
7700
349
8703
5013
2135
3951
7016
3094
8276
2412
7415
3268
3730
5424
2631
6392
4713
2341
1145
6762
6536
5031
3870
2067
9957
1408
1111
2107
7135
4766
2413
8827
9580
4171
7606
5696
9374
1205
6455
8351
7700
349
8703
5013
2135
3951
7016
3094
8276
2412
7415
3268
3730
5424
2631
6392
4713
2341
1145
6762
6536
5031
3870
2067
9957
1408
1111
2107
7135
4766
2413
8827
9580
4171
7606
5696
9374
1205
6455
8351
7700
349
8703
5013
2135
3951
7016
3094
8276
2412
7415
3268
3730
5424
2631
6392
4713
2341
1145
6762
6536
5031
3870
2067
9957
1408
1111
2107
7135
4766
2413
8827
9580
4171
7606
5696
9374
1205
6455
8351
7700
349
8703
5013
2135
3951
7016
3094
8276
2412
7415
3268
3730
5424
2631
6392
4713
2341
1145
6762
6536
5031
3870
2067
9957
1408
1111
2107
7135
4766
2413
8827
9580
4171
7606
5696
9374
1205
6455
8351
7700
349
8703
5013
2135
3951
7016
3094
8276
2412
7415
3268
3730
5424
2631
6392
4713
2341
1145
6762
6536
5031
3870
2067
9957
1408
1111
2107
7135
4766
2413
8827
9580
4171
7606
5696
9374
1205
6455
8351
7700
349
8703
5013
2135
3951
7016
3094
8276
2412
7415
3268
3730
5424
2631
6392
4713
2341
1145
6762
6536
5031
3870
2067
9957
1408
1111
2107
7135
4766
2413
8827
9580
4171
7606
5696
9374
1205
6455
8351
7700
349
8703
5013
2135
3951
7016
3094
8276
2412
7415
3268
3730
5424
2631
6392
4713
2341
1145
6762
6536
5031
3870
2067
9957
1408
1111
2107
7135
4766
2413
8827
9580
4171
7606
5696
9374
1205
6455
8351
7700
349
8703
5013
2135
3951
7016
3094
8276
2412
7415
3268
3730
5424
2631
6392
4713
2341
1145
6762
6536
5031
3870
2067
9957
1408
1111
2107
7135
4766
2413
8827
9580
4171
7606
5696
9374
1205
6455
8351
7700
349
8703
5013
2135
3951
7016
3094
8276
2412
7415
3268
3730
5424
2631
6392
4713
2341
1145
6762
6536
5031
3870
2067
9957
1408
1111
2107
7135
4766
2413
8827
9580
4171
7606
5696
9374
1205
6455
8351
7700
349
8703
5013
2135
3951
7016
3094
8276
2412
7415
3268
3730
5424
2631
6392
4713
2341
1145
6762
6536
5031
3870
2067
9957
1408
1111
2107
7135
4766
2413
8827
9580
4171
7606
5696
9374
1205
6455
8351
7700
349
8703
5013
2135
3951
7016
3094
8276
2412
7415
3268
3730
5424
2631
6392
4713
2341
1145
6762
6536
5031
3870
2067
9957
1408
1111
2107
7135
4766
2413
8827
9580
4171
7606
5696
9374
1205
6455
8351
7700
349
8703
5013
2135
3951
7016
3094
8276
2412
7415
3268
3730
5424
2631
6392
4713
2341
1145
6762
6536
5031
3870
2067
9957
1408
1111
2107
7135
4766
2413
8827
9580
4171
7606
5696
9374
1205
6455
8351
7700
349
8703
5013
2135
3951
7016
3094
8276
2412
7415
3268
3730
5424
2631
6392
4713
2341
1145
6762
6536
5031
3870
2067
9957
1408
1111
2107
7135
4766
2413
8827
9580
4171
7606
5696
9374
1205
6455
8351
7700
349
8703
5013
2135
3951
7016
3094
8276
2412
7415
3268
3730
5424
2631
6392
4713
2341
1145
6762
6536
5031
3870
2067
9957
1408
1111
2107
7135
4766
2413
8827
9580
4171
7606
5696
9374
1205
6455
8351
7700
349
8703
5013
2135
3951
7016
3094
8276
2412
7415
3268
3730
5424
2631
6392
4713
2341
1145
6762
6536
5031
3870
2067
9957
1408
1111
2107
7135
4766
2413
8827
9580
4171
7606
5696
9374
1205
6455
8351
7700
349
8703
5013
2135
3951
7016
3094
8276
2412
7415
3268
3730
5424
2631
6392
4713
2341
1145
6762
6536
5031
3870
2067
9957
1408
1111
2107
7135
4766
2413
8827
9580
4171
7606
5696
9374
1205
6455
8351
7700
349
8703
5013
2135
3951
7016
3094
8276
2412
7415
3268
3730
5424
2631
6392
4713
2341
1145
6762
6536
5031
3870
2067
9957
1408
1111
2107
7135
4766
2413
8827
9580
4171
7606
5696
9374
1205
6455
8351
7700
349
8703
5013
2135
3951
7016
3094
8276
2412
7415
3268
3730
5424
2631
6392
4713
2341
1145
6762
6536
5031
3870
2067
9957
1408
1111
2107
7135
4766
2413
8827
9580
4171
7606
5696
9374
1205
6455
8351
7700
349
8703
5013
2135
3951
7016
3094
8276
2412
7415
3268
3730
5424
2631
6392
4713
2341
1145
6762
6536
5031
3870
2067
9957
1408
1111
2107
7135
4766
2413
8827
9580
4171
7606
5696
9374
1205
6455
8351
7700
349
8703
5013
2135
3951
7016
3094
8276
2412
7415
3268
3730
5424
2631
6392
4713
2341
1145
6762
6536
5031
3870
2067
9957
1408
1111
2107
7135
4766
2413
8827
9580
4171
7606
5696
9374
1205
6455
8351
7700
349
8703
5013
2135
3951
7016
3094
8276
2412
7415
3268
3730
5424
2631
6392
4713
2341
1145
6762
6536
5031
3870
2067
9957
1408
1111
2107
7135
4766
2413
8827
9580
4171
7606
5696
9374
1205
6455
8351
7700
349
8703
5013
2135
3951
7016
3094
8276
2412
7415
3268
3730
5424
2631
6392
4713
2341
1145
6762
6536
5031
3870
2067
9957
1408
1111
2107
7135
4766
2413
8827
9580
4171
7606
5696
9374
1205
6455
8351
7700
349
8703
5013
2135
3951
7016
3094
8276
2412
7415
3268
3730
5424
2631
6392
4713
2341
1145
6762
6536
5031
3870
2067
9957
1408
1111
2107
7135
4766
2413
8827
9580
4171
7606
5696
9374
1205
6455
8351
7700
349
8703
5013
2135
3951
7016
3094
8276
2412
7415
3268
3730
5424
2631
6392
4713
2341
1145
6762
6536
5031
3870
2067
9957
1408
1111
2107
7135
4766
2413
8827
9580
4171
7606
5696
9374
1205
6455
8351
7700
349
8703
5013
2135
3951
7016
3094
8276
2412
7415
3268
3730
5424
2631
6392
4713
2341
1145
6762
6536
5031
3870
2067
9957
1408
1111
2107
7135
4766
2413
8827
9580
4171
7606
5696
9374
1205
6455
8351
7700
349
8703
5013
2135
3951
7016
3094
8276
2412
7415
3268
3730
5424
2631
6392
4713
2341
1145
6762
6536
5031
3870
2067
9957
1408
1111
2107
7135
4766
2413
8827
9580
4171
7606
5696
9374
1205
6455
8351
7700
349
8703
5013
2135
3951
7016
3094
8276
2412
7415
3268
3730
5424
2631
6392
4713
2341
1145
6762
6536
5031
3870
2067
9957
1408
1111
2107
7135
4766
2413
8827
9580
4171
7606
5696
9374
1205
6455
8351
7700
349
8703
5013
2135
3951
7016
3094
8276
2412
7415
3268
3730
5424
2631
6392
4713
2341
1145
6762
6536
5031
3870
2067
9957
1408
1111
2107
7135
4766
2413
8827
9580
4171
7606
5696
9374
1205
6455
8351
7700
349
8703
5013
2135
3951
7016
3094
8276
2412
7415
3268
3730
5424
2631
6392
4713
2341
1145
6762
6536
5031
3870
2067
9957
1408
1111
2107
7135
4766
2413
8827
9580
4171
7606
5696
9374
1205
6455
8351
7700
349
8703
5013
2135
3951
7016
3094
8276
2412
7415
3268
3730
5424
2631
6392
4713
2341
1145
6762
6536
5031
3870
2067
9957
1408
1111
2107
7135
4766
2413
8827
9580
4171
7606
5696
9374
1205
6455
8351
7700
349
8703
5013
2135
3951
7016
3094
8276
2412
7415
3268
3730
5424
2631
6392
4713
2341
1145
6762
6536
5031
3870
2067
9957
1408
1111
2107
7135
4766
2413
8827
9580
4171
7606
5696
9374
1205
6455
8351
7700
349
8703
5013
2135
3951
7016
3094
8276
2412
7415
3268
3730
5424
2631
6392
4713
2341
1145
6762
6536
5031
3870
2067
9957
1408
1111
2107
7135
4766
2413
8827
9580
4171
7606
5696
9374
1205
6455
8351
7700
349
8703
5013
2135
3951
7016
3094
8276
2412
7415
3268
3730
5424
2631
6392
4713
2341
1145
6762
6536
5031
3870
2067
9957
1408
1111
2107
7135
4766
2413
8827
9580
4171
7606
5696
9374
1205
6455
8351
7700
349
8703
5013
2135
3951
7016
3094
8276
2412
7415
3268
3730
5424
2631
6392
4713
2341
1145
6762
6536
5031
3870
2067
9957
1408
1111
2107
7135
4766
2413
8827
9580
4171
7606
5696
9374
1205
6455
8351
7700
349
8703
5013
2135
3951
7016
3094
8276
2412
7415
3268
3730
5424
2631
6392
4713
2341
1145
6762
6536
5031
3870
2067
9957
1408
1111
2107
7135
4766
2413
8827
9580
4171
7606
5696
9374
1205
6455
8351
7700
349
8703
5013
2135
3951
7016
3094
8276
2412
7415
3268
3730
5424
2631
6392
4713
2341
1145
6762
6536
5031
3870
2067
9957
1408
1111
2107
7135
4766
2413
8827
9580
4171
7606
5696
9374
1205
6455
8351
7700
349
8703
5013
2135
3951
7016
3094
8276
2412
7415
3268
3730
5424
2631
6392
4713
2341
1145
6762
6536
5031
3870
2067
9957
1408
1111
2107
7135
4766
2413
8827
9580
4171
7606
5696
9374
1205
6455
8351
7700
349
8703
5013
2135
3951
7016
3094
8276
2412
7415
3268
3730
5424
2631
6392
4713
2341
1145
6762
6536
5031
3870
2067
9957
1408
1111
2107
7135
4766
2413
8827
9580
4171
7606
5696
9374
1205
6455
8351
7700
349
8703
5013
2135
3951
7016
3094
8276
2412
7415
3268
3730
5424
2631
6392
4713
2341
1145
6762
6536
5031
3870
2067
9957
1408
1111
2107
7135
4766
2413
8827
9580
4171
7606
5696
9374
1205
6455
8351
7700
349
8703
5013
2135
3951
7016
3094
8276
2412
7415
3268
3730
5424
2631
6392
4713
2341
1145
6762
6536
5031
3870
2067
9957
1408
1111
2107
7135
4766
2413
8827
9580
4171
7606
5696
9374
1205
6455
8351
7700
349
8703
5013
2135
3951
7016
3094
8276
2412
7415
3268
3730
5424
2631
6392
4713
2341
1145
6762
6536
5031
3870
2067
9957
1408
1111
2107
7135
4766
2413
8827
9580
4171
7606
5696
9374
1205
6455
8351
7700
349
8703
5013
2135
3951
7016
3094
8276
2412
7415
3268
3730
5424
2631
6392
4713
2341
1145
6762
6536
5031
3870
2067
9957
1408
1111
2107
7135
4766
2413
8827
9580
4171
7606
5696
9374
1205
6455
8351
7700
349
8703
5013
2135
3951
7016
3094
8276
2412
7415
3268
3730
5424
2631
6392
4713
2341
1145
6762
6536
5031
3870
2067
9957
1408
1111
2107
7135
4766
2413
8827
9580
4171
7606
5696
9374
1205
6455
8351
7700
349
8703
5013
2135
3951
7016
3094
8276
2412
7415
3268
3730
5424
2631
6392
4713
2341
1145
6762
6536
5031
3870
2067
9957
1408
1111
2107
7135
4766
2413
8827
9580
4171
7606
5696
9374
1205
6455
8351
7700
349
8703
5013
2135
3951
7016
3094
8276
2412
7415
3268
3730
5424
2631
6392
4713
2341
1145
6762
6536
5031
3870
2067
9957
1408
1111
2107
7135
4766
2413
8827
9580
4171
7606
5696
9374
1205
6455
8351
7700
349
8703
5013
2135
3951
7016
3094
8276
2412
7415
3268
3730
5424
2631
6392
4713
2341
1145
6762
6536
5031
3870
2067
9957
1408
1111
2107
7135
4766
2413
8827
9580
4171
7606
5696
9374
1205
6455
8351
7700
349
8703
5013
2135
3951
7016
3094
8276
2412
7415
3268
3730
5424
2631
6392
4713
2341
1145
6762
6536
5031
3870
2067
9957
1408
1111
2107
7135
4766
2413
8827
9580
4171
7606
5696
9374
1205
6455
8351
7700
349
8703
5013
2135
3951
7016
3094
8276
2412
7415
3268
3730
5424
2631
6392
4713
2341
1145
6762
6536
5031
3870
2067
9957
1408
1111
2107
7135
4766
2413
8827
9580
4171
7606
5696
9374
1205
6455
8351
7700
349
8703
5013
2135
3951
7016
3094
8276
2412
7415
3268
3730
5424
2631
6392
4713
2341
1145
6762
6536
5031
3870
2067
9957
1408
1111
2107
7135
4766
2413
8827
9580
4171
7606
5696
9374
1205
6455
8351
7700
349
8703
5013
2135
3951
7016
3094
8276
2412
7415
3268
3730
5424
2631
6392
4713
2341
1145
6762
6536
5031
3870
2067
9957
1408
1111
2107
7135
4766
2413
8827
9580
4171
7606
5696
9374
1205
6455
8351
7700
349
8703
5013
2135
3951
7016
3094
8276
2412
7415
3268
3730
5424
2631
6392
4713
2341
1145
6762
6536
5031
3870
2067
9957
1408
1111
2107
7135
4766
2413
8827
9580
4171
7606
5696
9374
1205
6455
8351
7700
349
8703
5013
2135
3951
7016
3094
8276
2412
7415
3268
3730
5424
2631
6392
4713
2341
1145
6762
6536
5031
3870
2067
9957
1408
1111
2107
7135
4766
2413
8827
9580
4171
7606
5696
9374
1205
6455
8351
7700
349
8703
5013
2135
3951
7016
3094
8276
2412
7415
3268
3730
5424
2631
6392
4713
2341
1145
6762
6536
5031
3870
2067
9957
1408
1111
2107
7135
4766
2413
8827
9580
4171
7606
5696
9374
1205
6455
8351
7700
349
8703
5013
2135
3951
7016
3094
8276
2412
7415
3268
3730
5424
2631
6392
4713
2341
1145
6762
6536
5031
3870
2067
9957
1408
1111
2107
7135
4766
2413
8827
9580
4171
7606
5696
9374
1205
6455
8351
7700
349
8703
5013
2135
3951
7016
3094
8276
2412
7415
3268
3730
5424
2631
6392
4713
2341
1145
6762
6536
5031
3870
2067
9957
1408
1111
2107
7135
4766
2413
8827
9580
4171
7606
5696
9374
1205
6455
8351
7700
349
8703
5013
2135
3951
7016
3094
8276
2412
7415
3268
3730
5424
2631
6392
4713
2341
1145
6762
6536
5031
3870
2067
9957
1408
1111
2107
7135
4766
2413
8827
9580
4171
7606
5696
9374
1205
6455
8351
7700
349
8703
5013
2135
3951
7016
3094
8276
2412
7415
3268
3730
5424
2631
6392
4713
2341
1145
6762
6536
5031
3870
2067
9957
1408
1111
2107
7135
4766
2413
8827
9580
4171
7606
5696
9374
1205
6455
8351
7700
349
8703
5013
2135
3951
7016
3094
8276
2412
7415
3268
3730
5424
2631
6392
4713
2341
1145
6762
6536
5031
3870
2067
9957
1408
1111
2107
7135
4766
2413
8827
9580
4171
7606
5696
9374
1205
6455
8351
7700
349
8703
5013
2135
3951
7016
3094
8276
2412
7415
3268
3730
5424
2631
6392
4713
2341
1145
6762
6536
5031
3870
2067
9957
1408
1111
2107
7135
4766
2413
8827
9580
4171
7606
5696
9374
1205
6455
8351
7700
349
8703
5013
2135
3951
7016
3094
8276
2412
7415
3268
3730
5424
2631
6392
4713
2341
1145
6762
6536
5031
3870
2067
9957
1408
1111
2107
7135
4766
2413
8827
9580
4171
7606
5696
9374
1205
6455
8351
7700
349
8703
5013
2135
3951
7016
3094
8276
2412
7415
3268
3730
5424
2631
6392
4713
2341
1145
6762
6536
5031
3870
2067
9957
1408
1111
2107
7135
4766
2413
8827
9580
4171
7606
5696
9374
1205
6455
8351
7700
349
8703
5013
2135
3951
7016
3094
8276
2412
7415
3268
3730
5424
2631
6392
4713
2341
1145
6762
6536
5031
3870
2067
9957
1408
1111
2107
7135
4766
2413
8827
9580
4171
7606
5696
9374
1205
6455
8351
7700
349
8703
5013
2135
3951
7016
3094
8276
2412
7415
3268
3730
5424
2631
6392
4713
2341
1145
6762
6536
5031
3870
2067
9957
1408
1111
2107
7135
4766
2413
8827
9580
4171
7606
5696
9374
1205
6455
8351
7700
349
8703
5013
2135
3951
7016
3094
8276
2412
7415
3268
3730
5424
2631
6392
4713
2341
1145
6762
6536
5031
3870
2067
9957
1408
1111
2107
7135
4766
2413
8827
9580
4171
7606
5696
9374
1205
6455
8351
7700
349
8703
5013
2135
3951
7016
3094
8276
2412
7415
3268
3730
5424
2631
6392
4713
2341
1145
6762
6536
5031
3870
2067
9957
1408
1111
2107
7135
4766
2413
8827
9580
4171
7606
5696
9374
1205
6455
8351
7700
349
8703
5013
2135
3951
7016
3094
8276
2412
7415
3268
3730
5424
2631
6392
4713
2341
1145
6762
6536
5031
3870
2067
9957
1408
1111
2107
7135
4766
2413
8827
9580
4171
7606
5696
9374
1205
6455
8351
7700
349
8703
5013
2135
3951
7016
3094
8276
2412
7415
3268
3730
5424
2631
6392
4713
2341
1145
6762
6536
5031
3870
2067
9957
1408
1111
2107
7135
4766
2413
8827
9580
4171
7606
5696
9374
1205
6455
8351
7700
349
8703
5013
2135
3951
7016
3094
8276
2412
7415
3268
3730
5424
2631
6392
4713
2341
1145
6762
6536
5031
3870
2067
9957
1408
1111
2107
7135
4766
2413
8827
9580
4171
7606
5696
9374
1205
6455
8351
7700
349
8703
5013
2135
3951
7016
3094
8276
2412
7415
3268
3730
5424
2631
6392
4713
2341
1145
6762
6536
5031
3870
2067
9957
1408
1111
2107
7135
4766
2413
8827
9580
4171
7606
5696
9374
1205
6455
8351
7700
349
8703
5013
2135
3951
7016
3094
8276
2412
7415
3268
3730
5424
2631
6392
4713
2341
1145
6762
6536
5031
3870
2067
9957
1408
1111
2107
7135
4766
2413
8827
9580
4171
7606
5696
9374
1205
6455
8351
7700
349
8703
5013
2135
3951
7016
3094
8276
2412
7415
3268
3730
5424
2631
6392
4713
2341
1145
6762
6536
5031
3870
2067
9957
1408
1111
2107
7135
4766
2413
8827
9580
4171
7606
5696
9374
1205
6455
8351
7700
349
8703
5013
2135
3951
7016
3094
8276
2412
7415
3268
3730
5424
2631
6392
4713
2341
1145
6762
6536
5031
3870
2067
9957
1408
1111
2107
7135
4766
2413
8827
9580
4171
7606
5696
9374
1205
6455
8351
7700
349
8703
5013
2135
3951
7016
3094
8276
2412
7415
3268
3730
5424
2631
6392
4713
2341
1145
6762
6536
5031
3870
2067
9957
1408
1111
2107
7135
4766
2413
8827
9580
4171
7606
5696
9374
1205
6455
8351
7700
349
8703
5013
2135
3951
7016
3094
8276
2412
7415
3268
3730
5424
2631
6392
4713
2341
1145
6762
6536
5031
3870
2067
9957
1408
1111
2107
7135
4766
2413
8827
9580
4171
7606
5696
9374
1205
6455
8351
7700
349
8703
5013
2135
3951
7016
3094
8276
2412
7415
3268
3730
5424
2631
6392
4713
2341
1145
6762
6536
5031
3870
2067
9957
1408
1111
2107
7135
4766
2413
8827
9580
4171
7606
5696
9374
1205
6455
8351
7700
349
8703
5013
2135
3951
7016
3094
8276
2412
7415
3268
3730
5424
2631
6392
4713
2341
1145
6762
6536
5031
3870
2067
9957
1408
1111
2107
7135
4766
2413
8827
9580
4171
7606
5696
9374
1205
6455
8351
7700
349
8703
5013
2135
3951
7016
3094
8276
2412
7415
3268
3730
5424
2631
6392
4713
2341
1145
6762
6536
5031
3870
2067
9957
1408
1111
2107
7135
4766
2413
8827
9580
4171
7606
5696
9374
1205
6455
8351
7700
349
8703
5013
2135
3951
7016
3094
8276
2412
7415
3268
3730
5424
2631
6392
4713
2341
1145
6762
6536
5031
3870
2067
9957
1408
1111
2107
7135
4766
2413
8827
9580
4171
7606
5696
9374
1205
6455
8351
7700
349
8703
5013
2135
3951
7016
3094
8276
2412
7415
3268
3730
5424
2631
6392
4713
2341
1145
6762
6536
5031
3870
2067
9957
1408
1111
2107
7135
4766
2413
8827
9580
4171
7606
5696
9374
1205
6455
8351
7700
349
8703
5013
2135
3951
7016
3094
8276
2412
7415
3268
3730
5424
2631
6392
4713
2341
1145
6762
6536
5031
3870
2067
9957
1408
1111
2107
7135
4766
2413
8827
9580
4171
7606
5696
9374
1205
6455
8351
7700
349
8703
5013
2135
3951
7016
3094
8276
2412
7415
3268
3730
5424
2631
6392
4713
2341
1145
6762
6536
5031
3870
2067
9957
1408
1111
2107
7135
4766
2413
8827
9580
4171
7606
5696
9374
1205
6455
8351
7700
349
8703
5013
2135
3951
7016
3094
8276
2412
7415
3268
3730
5424
2631
6392
4713
2341
1145
6762
6536
5031
3870
2067
9957
1408
1111
2107
7135
4766
2413
8827
9580
4171
7606
5696
9374
1205
6455
8351
7700
349
8703
5013
2135
3951
7016
3094
8276
2412
7415
3268
3730
5424
2631
6392
4713
2341
1145
6762
6536
5031
3870
2067
9957
1408
1111
2107
7135
4766
2413
8827
9580
4171
7606
5696
9374
1205
6455
8351
7700
349
8703
5013
2135
3951
7016
3094
8276
2412
7415
3268
3730
5424
2631
6392
4713
2341
1145
6762
6536
5031
3870
2067
9957
1408
1111
2107
7135
4766
2413
8827
9580
4171
7606
5696
9374
1205
6455
8351
7700
349
8703
5013
2135
3951
7016
3094
8276
2412
7415
3268
3730
5424
2631
6392
4713
2341
1145
6762
6536
5031
3870
2067
9957
1408
1111
2107
7135
4766
2413
8827
9580
4171
7606
5696
9374
1205
6455
8351
7700
349
8703
5013
2135
3951
7016
3094
8276
2412
7415
3268
3730
5424
2631
6392
4713
2341
1145
6762
6536
5031
3870
2067
9957
1408
1111
2107
7135
4766
2413
8827
9580
4171
7606
5696
9374
1205
6455
8351
7700
349
8703
5013
2135
3951
7016
3094
8276
2412
7415
3268
3730
5424
2631
6392
4713
2341
1145
6762
6536
5031
3870
2067
9957
1408
1111
2107
7135
4766
2413
8827
9580
4171
7606
5696
9374
1205
6455
8351
7700
349
8703
5013
2135
3951
7016
3094
8276
2412
7415
3268
3730
5424
2631
6392
4713
2341
1145
6762
6536
5031
3870
2067
9957
1408
1111
2107
7135
4766
2413
8827
9580
4171
7606
5696
9374
1205
6455
8351
7700
349
8703
5013
2135
3951
7016
3094
8276
2412
7415
3268
3730
5424
2631
6392
4713
2341
1145
6762
6536
5031
3870
2067
9957
1408
1111
2107
7135
4766
2413
8827
9580
4171
7606
5696
9374
1205
6455
8351
7700
349
8703
5013
2135
3951
7016
3094
8276
2412
7415
3268
3730
5424
2631
6392
4713
2341
1145
6762
6536
5031
3870
2067
9957
1408
1111
2107
7135
4766
2413
8827
9580
4171
7606
5696
9374
1205
6455
8351
7700
349
8703
5013
2135
3951
7016
3094
8276
2412
7415
3268
3730
5424
2631
6392
4713
2341
1145
6762
6536
5031
3870
2067
9957
1408
1111
2107
7135
4766
2413
8827
9580
4171
7606
5696
9374
1205
6455
8351
7700
349
8703
5013
2135
3951
7016
3094
8276
2412
7415
3268
3730
5424
2631
6392
4713
