4564
8858
5735
5179
9467
672
5552
2678
1058
310
7564
6391
9289
8693
7701
3907
9462
8872
7626
7299
2796
1718
570
3979
2241
9394
4952
5912
9343
7392
1252
325
2859
1626
5692
574
9881
7641
9925
5023
5395
2088
1375
4935
6445
4839
5780
9212
9794
5761
4172
7398
624
9576
8810
3246
963
5068
9299
4456
9075
8872
6079
1255
4432
6998
9355
4018
4947
9852
8716
1238
5332
8909
4131
3334
8778
110
3321
850
2427
1455
4433
4120
3403
6492
5001
2245
1140
9574
1662
664
8273
8618
9147
5472
7176
4248
8768
8529
2795
562
5581
3560
5420
5246
5798
3272
6257
2876
1594
9341
6226
1853
5945
1189
3016
9212
2730
6389
1627
1351
8026
122
3885
7286
9879
1825
5338
9119
7382
1244
7934
7053
1420
3942
4147
8369
6013
9112
3178
4482
2805
2974
9887
6103
4406
6244
6952
5543
5642
3230
51
3816
3031
3545
3659
8185
4885
7430
7087
5173
8949
883
5036
1449
8607
9077
5222
8579
666
107
7031
5576
3939
8066
7194
6760
8929
6625
5818
5535
2654
6982
3369
4715
5004
9532
6533
7687
3129
3422
635
1902
1999
9241
8084
8367
771
7488
6269
8477
8756
6897
9367
8196
7825
9420
6024
7123
6721
620
4719
801
2022
4635
5493
5412
2808
4862
9142
8522
8591
9724
5957
1694
6381
5925
1795
517
1922
9849
4243
7749
5887
8330
422
8028
9867
5864
6307
5401
4635
1320
7477
5957
180
8564
7356
6381
5681
8075
7527
5968
4416
1514
162
7595
76
7098
6053
2927
9799
9952
9438
7972
392
5451
1411
9623
7629
521
4830
3451
448
6169
1989
4781
4100
3497
499
445
3302
945
8546
3476
8783
3617
7183
1874
2309
3053
2560
5583
9478
9567
9922
2920
1472
393
3806
4313
4065
6891
3170
2666
4480
6019
6344
8663
6682
6484
8760
5996
2883
582
671
1751
8119
6469
3901
4073
5227
7521
164
2078
9498
2917
8267
4656
3039
624
3384
3527
8267
2701
9539
8042
9074
1117
5576
1707
145
5222
2293
8539
4030
3942
3554
1731
6828
6773
2719
7445
4656
7106
5437
4025
7539
7434
4432
5382
2260
9254
1250
1110
6995
9277
5541
2930
2870
9724
4242
5716
8576
3897
9579
7652
4145
1415
813
4570
392
4154
2636
5047
6530
2062
5924
8791
2757
9095
7089
1319
3973
490
8429
2546
3962
4009
4168
9338
9463
499
9880
9241
5599
2306
9070
3830
1608
2433
2638
8006
4099
3724
3427
4714
1017
3673
4301
3645
5328
3929
2786
5947
6040
3859
5695
6757
6432
6514
6281
1388
124
7594
3253
5738
3527
8787
5798
9851
4468
1322
8481
5941
2817
5198
4679
5855
7539
3134
1285
5016
3253
8618
1890
7810
9922
7912
7779
8986
4354
8241
1567
2689
1051
9702
4626
8145
3302
593
1293
6201
1905
2297
7936
8846
112
3166
5942
7170
5323
1423
9050
2848
3983
2735
3528
2791
3667
2332
4462
1681
6802
7658
6870
5934
3043
8913
104
3677
4287
1443
1588
2708
7841
4830
9914
7060
7860
4086
8751
1938
7578
8188
9212
4766
4352
1755
3710
1711
9608
5185
8313
5941
9541
8604
5817
4299
3198
4255
7564
906
5869
6288
3299
5847
6155
6483
6982
146
9754
9342
3839
3236
8059
9478
4044
2213
9409
8999
9850
1328
4345
7127
789
6779
2674
651
497
661
2040
3785
4669
7474
3681
1777
9220
9070
1433
4347
6141
7647
3921
7294
60
6536
385
1636
7129
6297
4766
6834
8994
4856
7865
5471
9995
2048
9168
681
1181
7667
3553
1673
7679
9596
2987
2845
5385
1009
1443
5199
6422
2490
7113
387
571
6418
5145
2597
2255
1911
388
3662
7036
2169
4765
3232
5147
5958
6772
3209
3761
4101
3417
708
4964
9143
2554
3077
6291
5197
7623
1399
9093
9462
2926
5387
9061
4138
1890
2975
8551
5210
4890
2004
3788
7753
432
314
1864
4054
9989
8765
1676
4278
3461
3799
3854
4733
1407
299
129
1228
3928
5829
1912
1177
8433
6345
1865
9236
5184
4635
8429
2413
9630
1379
3846
7686
2760
6619
7966
6863
1610
4810
634
650
250
7595
844
5611
1085
2858
305
2922
4147
3903
5870
5927
9744
1082
3140
6063
8001
1766
6409
8138
3465
367
5312
8460
992
2523
542
6073
1692
9967
5550
2365
8203
3265
9695
2687
5236
3621
8058
6836
3593
832
1733
6777
9053
9696
702
9267
7141
4941
2050
1563
4471
7898
9286
2630
4110
3240
3224
8036
9518
3748
8916
461
5477
5628
9650
7236
3633
4630
423
5214
8923
8833
3171
4900
2958
6997
6843
9996
8712
1093
424
9834
8504
2916
7022
4001
2608
5645
4222
4889
5627
9358
2331
1901
945
6276
7342
4679
1863
1235
6620
2605
325
665
8263
5320
2984
3205
56
4769
3626
3619
2350
8649
1043
983
7872
4036
4171
4753
6011
1793
8637
8707
9334
9367
1694
420
6807
5474
1056
3976
1833
121
148
5982
7449
8927
5504
2474
5372
1428
6514
6504
270
5771
3746
9195
318
5453
412
1861
7227
2760
4858
1725
5527
9097
8259
3215
1853
6251
1160
3621
9295
9152
4023
3975
5843
5992
562
6640
6218
6687
760
3431
3219
3173
6793
7225
4231
6625
6665
9091
1944
4720
5138
1696
5408
5660
6603
2997
1785
8580
4750
1282
3339
1882
7772
9661
5705
4907
5553
2433
988
7072
1238
3579
6911
9706
5242
2637
6927
4453
1771
6738
7178
4184
4095
2055
7390
8352
9737
867
9494
6252
5972
1402
4446
5577
2359
1163
1398
3424
3532
5339
8497
2006
5846
689
1525
5782
7328
6508
4195
2387
7125
4006
3416
2072
8501
4275
5746
751
2529
1105
2300
8704
5644
2748
2988
6068
9808
4618
3300
1139
8482
5245
4573
46
5021
5466
6877
4901
705
9175
8050
8212
6844
8667
4683
8970
8329
7647
6315
4452
2998
2976
5280
4599
540
7011
9997
1752
4671
5592
1997
8640
909
3482
371
447
1204
9663
305
7365
9999
8176
4935
1015
108
7931
1947
2535
9702
3314
8705
619
9830
7437
7603
3460
6065
1630
1870
4936
8656
2796
4908
3447
319
6399
140
9099
5763
2879
5458
8572
6606
9840
6884
9986
3681
9405
5075
7353
1252
187
2411
3648
3944
8271
9912
9197
3047
2870
6734
1255
2147
239
7452
3232
4706
5934
4047
5080
2541
4515
121
7187
4101
3601
3564
2869
225
3824
5577
2786
6503
8737
4824
6402
7482
4447
236
941
2612
1298
559
9851
7480
7063
6059
3578
8044
9723
1484
3531
6573
2020
8735
9173
6355
2907
9186
134
9822
8514
5091
4233
2497
2294
6913
9800
2252
3465
9448
8903
6184
5818
8870
5061
8184
819
4415
9170
8387
2867
3917
3106
7575
5853
2757
3949
5921
3885
9424
671
7853
4952
5207
9510
6073
5496
894
6202
7097
9088
4092
7178
71
5050
803
5702
2779
1095
8906
8821
5942
7151
6291
1986
2879
589
8616
7879
8401
8893
9396
2564
8305
9633
4555
5290
2527
4430
8870
9175
1000
2804
9695
6655
4442
9552
6300
6942
1716
5514
1159
132
1256
3394
2286
1092
6629
3706
9486
4616
6499
346
1948
8466
8489
3942
1938
1461
1235
1866
9158
5497
2139
1723
9771
2954
2134
8708
3778
3227
3295
4377
695
7590
7644
7488
7462
2791
3355
549
5966
1927
1349
6271
3696
3609
5810
971
5518
5588
5491
435
9370
4972
6314
3394
3082
3356
499
8017
8065
4358
1939
7486
8264
2737
9948
2436
9270
3720
6279
1302
5281
5368
7226
9378
6715
9408
3234
2705
6619
673
9752
2700
1204
9700
2854
6301
7075
6241
1763
1461
7205
2974
298
7460
2807
7717
2583
3444
5446
5345
9024
9061
3309
4801
9087
5658
4499
6269
259
3023
6889
9945
1869
4148
1944
5351
9325
1986
7672
8195
7703
4788
2042
1486
3388
4840
7197
4062
112
372
4338
2721
2361
6252
4277
2099
3638
6590
8602
7981
3696
2364
701
916
7312
5982
9676
7715
7327
1383
5300
1872
8034
6508
457
8831
258
4488
9925
8745
5857
1456
1939
6074
3215
4394
6548
4238
3413
2342
9186
1230
7613
2885
7769
9031
2516
9680
3550
9984
1742
6025
6879
8337
3245
103
6847
4148
8450
8412
7924
600
5553
898
3851
6223
866
2162
7455
489
8428
2916
9213
128
2133
5430
6280
3650
5687
9550
5648
7560
9591
6967
7657
3563
7008
4578
3909
9990
1800
5332
8547
8971
7759
1287
1224
5627
4545
5712
56
3852
4317
4952
5503
9390
2825
7245
6697
2921
4859
523
5640
1895
861
2519
5111
2548
4167
6482
9984
5934
5416
526
9298
2432
4232
3038
9626
15
1178
7585
4716
8168
4187
9289
1986
6390
2546
5833
5205
339
7959
3574
138
7031
8230
1710
6135
2011
669
2121
6015
8724
6264
6703
6129
3300
9603
2875
6448
1767
4470
2310
3151
2917
6559
2471
3750
3092
6785
3225
5504
2833
4943
2084
2798
8335
8212
1262
1022
8303
3522
1026
1672
3434
6422
3100
9115
2223
8821
6797
8042
623
685
6799
7150
8530
482
5432
1042
7657
5318
6221
1289
5737
7283
3773
3255
3101
9756
3073
8282
9123
406
8248
336
752
665
7091
4465
8179
2009
5567
7140
2285
3857
3777
3673
8924
4381
5749
2971
2715
3564
7216
2236
4864
3088
424
4536
8508
8059
5711
6818
7647
2642
5429
5813
5246
5960
9422
3482
6643
5737
7134
8568
5073
5428
8383
3382
2244
9276
806
6634
6082
8468
988
8597
4690
1281
9048
2866
8249
4919
8469
8920
4948
6654
3426
9449
2441
1916
8878
2956
4731
5269
551
5160
4084
5425
1503
3643
4932
9331
1297
4064
4115
7993
2748
4997
5032
5123
5876
4315
3468
1892
5806
4298
4846
1394
5107
1032
3957
1861
6293
8809
925
214
4411
6870
676
1745
924
7193
9509
5753
3113
3257
1461
5199
8494
7153
7026
3707
815
8280
5348
9836
3305
5831
1171
8968
7739
5648
3427
1023
7899
9707
4977
6445
9166
9218
4140
5193
893
7294
991
5468
393
7007
9753
4418
3480
3342
1156
4911
3317
1127
9668
2000
2289
7602
8942
700
3910
1484
2774
1411
9085
4971
2302
8510
6351
244
860
8303
6130
3598
7475
5719
8403
5896
7064
1804
51
2938
5759
1683
5599
9591
554
1197
5346
5573
331
7857
5703
789
5039
6887
9279
6269
5735
6893
5970
2750
3983
2879
9550
1120
374
4208
5372
9538
4851
2785
5143
9700
6056
1926
2961
8576
3207
9386
8940
6317
9163
897
1746
781
5298
2730
3175
9296
6823
2451
1086
4133
4531
4500
5361
4433
6081
9897
7209
5944
3481
4349
4262
8793
8417
5954
1674
7489
8707
883
4440
162
3334
5336
9376
1705
2895
1520
270
1292
1543
3112
6986
946
1387
6107
9004
9422
7481
4848
7992
8051
9453
1410
7223
830
5184
7898
6779
782
8123
954
2020
2001
7934
7019
8113
3748
2150
4273
3256
2440
7241
5332
9898
3391
3986
5820
5383
6590
6059
7511
4531
7421
9504
9618
9908
1884
6510
7651
4861
6389
1639
8393
2804
8429
3588
6895
6411
4416
1646
708
8100
8422
3995
5940
537
8177
6347
1643
8784
4922
4492
3419
6519
6919
2691
425
9967
1052
6832
1996
9436
2014
7931
3942
3404
3987
6539
5919
3817
629
910
8073
5295
3673
7427
4177
9683
3871
272
5973
209
5981
3433
2259
7663
5701
1893
5464
9033
1228
7607
4393
4287
2269
8618
2251
1544
6651
8468
474
9121
7370
9505
3272
9259
3787
8634
8139
1082
7532
4132
5611
3422
9615
4984
3586
5981
3778
6926
9165
148
6893
9823
5968
8025
5836
5704
6040
8337
4644
7085
8771
7910
144
1885
8660
6502
548
6431
3732
5231
6347
2620
4100
924
901
736
5949
3535
5718
1475
3163
5877
2837
3092
4160
3043
3509
6739
4211
1774
5820
9564
8894
2896
6080
5466
6660
6329
3673
8066
6143
3374
2615
2363
7146
6144
1227
3624
4801
5639
7010
5442
7935
7061
6699
6728
8073
2962
7948
6818
8588
3048
9079
6599
6617
6472
2160
7407
3345
290
3664
2905
2373
4821
7556
5594
3910
6668
8874
6946
9505
6242
2984
1291
811
2545
823
948
7097
3335
7193
9585
1878
8372
8985
6446
2239
3392
3590
158
9608
3685
8624
8004
3254
1231
341
5216
3865
7256
2515
5451
5245
883
2461
7919
347
4912
2755
5930
736
1333
9105
9567
5346
8323
6497
9460
5958
5117
4913
7905
5983
1993
8491
4638
6798
6432
9875
9421
7655
699
1697
3126
6019
9385
4619
702
6654
2390
8405
4895
9894
2551
4120
4666
6681
9647
8090
5216
9141
7779
2410
1051
64
1441
9598
6922
9889
862
8804
8218
529
6166
8226
553
6903
7119
1898
3924
6135
251
392
9914
3896
272
9643
263
4384
4173
5729
91
5932
931
9416
5177
6840
630
5699
4330
2458
8546
8633
4320
2540
6042
6193
3625
5268
2497
2376
5192
760
2520
6793
4771
1620
8641
6376
7275
715
3762
8269
1482
9159
3145
3785
1095
2641
6347
9749
6227
1367
1819
6022
5585
5572
7156
1584
9680
6328
2389
6517
8018
8760
2951
1470
889
9455
4115
5534
8629
9982
4603
1051
365
703
3087
5214
5848
1850
7817
1973
5314
8688
2287
2567
2965
9632
5211
6476
463
4786
9640
7133
3095
4423
6549
654
830
3489
1148
5345
3716
6392
3874
5182
7201
35
1632
4135
4219
3498
4074
1430
6761
8699
6141
3135
5856
7791
8632
6558
5449
6607
6738
7453
9421
8121
5206
9514
1787
4960
3613
1129
3297
9156
679
3722
4181
1882
4661
886
3957
6788
3502
8205
7596
5030
6059
6366
3379
5861
1774
2383
5958
103
485
7642
8896
1512
5008
3430
2893
5726
7588
5320
5612
3842
8057
3631
8670
6138
4647
8295
1539
3942
5756
895
5073
1697
9023
1559
2472
4885
8738
8002
1682
4756
8385
2341
9416
805
3493
3757
4796
9859
7296
5836
4368
8505
2917
2846
6707
1625
2024
7282
9602
8612
8744
1054
7993
5113
3853
7781
3899
9873
8104
1623
4305
6598
2478
4170
3963
3322
1523
2510
6244
7817
5398
5784
3047
2008
8725
9798
1756
9828
1013
4316
8737
6154
2569
2631
4523
5560
4357
2553
526
7410
8216
3161
9965
2880
8658
4139
7663
2829
9978
4004
764
8188
5358
8287
803
8043
4481
3798
1432
1243
5331
7720
8916
8934
6162
7298
4998
1420
7663
9274
8957
4951
5223
4791
6913
8226
2100
8081
9592
5854
9265
8493
3004
674
6337
7352
1702
4085
4479
1345
8147
6397
4813
4673
2516
9413
8468
8461
9685
4810
5832
990
6416
2674
753
2300
4500
2871
2740
6050
6327
712
6135
9645
5898
6328
86
7207
5669
5892
9503
9617
734
2201
6434
2042
528
8991
3263
681
1525
9458
517
420
6470
8641
712
7125
970
1603
9287
912
7869
5558
242
7561
1409
3161
8471
2012
3543
7922
7974
9569
3551
240
8229
3926
2517
7675
2074
1606
5434
6532
2290
9771
648
4490
3684
4133
9687
5976
7180
5773
6534
9080
1607
3480
6340
2877
8254
7471
4523
4927
8874
2478
8019
8009
811
348
3715
7049
9941
2634
8736
4057
2049
8684
2111
8438
2589
5384
6899
4715
2880
6858
8552
6638
7221
85
1625
6800
2976
4094
6605
885
6417
9071
2840
389
8787
8623
3362
4975
3058
3575
9340
1628
7981
4416
4336
1974
7776
3851
3465
1466
2286
3959
3884
1119
3286
1997
8678
7766
3666
8736
8265
6293
2881
2912
7921
1429
8410
3609
7122
7918
191
6828
5315
1446
6855
6756
462
2138
6756
3754
4227
6932
9726
8107
2379
7321
121
9558
3332
9388
6862
5640
6110
8509
2158
4762
9199
8919
5976
9802
1128
3368
2383
6685
3741
8684
2737
3828
7422
2073
5773
1738
5205
8781
9627
8125
213
54
8301
8163
2015
188
7856
9784
4757
4716
9484
9643
5648
8340
8505
2091
6582
2886
7538
5337
6575
1179
9656
6479
1030
6233
2906
3277
4330
389
1389
8762
4828
597
5172
2373
2485
7880
7386
2505
4677
1762
4447
1767
5482
3447
8917
9404
3413
8100
9590
1944
2227
948
1531
1612
6695
9305
4439
4877
4906
1441
8714
1233
8251
2159
8762
7706
7492
5888
7710
867
4816
9940
2959
3116
5339
5446
3570
3280
131
1231
5984
5822
2608
3108
3762
8881
3062
1833
2426
8870
9407
3076
4365
9997
8768
6613
2863
8582
7093
6759
4791
9275
5529
5527
7975
7849
1901
4865
2654
3794
4339
1312
7707
7407
6442
5230
340
3378
1898
4154
6350
3482
5107
2729
9657
1524
6986
2916
5325
5641
3843
1949
1040
5842
5639
5224
7591
6101
5757
5971
2958
2594
4849
4917
8655
8183
2489
1208
9515
4216
3834
3696
9180
9600
2491
9467
1208
1534
2404
6904
5634
9119
958
8493
203
8543
3811
5468
6066
3168
263
1544
3529
7855
549
8719
8353
5095
7589
2528
3925
9699
7542
7986
9426
6473
9787
8436
2166
4232
102
4305
2735
9129
9185
3667
6169
5814
6481
4888
5438
1190
8666
2269
8426
5219
8464
769
1718
9600
6067
5745
4891
6951
7186
1983
8269
6367
6654
2863
3902
9176
4872
5042
7023
7687
3197
5218
641
8793
3443
2821
2456
9484
7969
7719
602
4726
4418
9976
8505
5603
4181
9466
7507
5643
145
260
1720
8232
3194
6482
3728
6694
9786
6105
9310
6856
6320
529
7305
6796
2705
568
8862
6469
6506
3841
5788
2490
4916
8076
102
8975
6098
1700
2611
2549
5053
6553
6040
90
522
8489
2558
3668
6989
2773
7789
4013
147
4510
6309
4928
7503
5797
3824
6271
2848
1109
8349
3189
4701
2547
6501
8842
2641
6639
6765
4809
1344
4853
9588
786
4917
3188
6564
7782
5255
7974
8793
1968
1300
7001
6513
2887
4402
2930
5013
1751
3452
4035
2743
4639
1045
8077
991
7416
1442
9171
9140
3405
7551
3206
4090
7160
2206
88
4254
6137
1795
1874
3359
6138
1474
4835
2546
6476
1988
1442
9692
494
9023
16
5554
5220
4020
5480
6229
1980
3752
2101
7360
2213
7648
3237
6657
3654
8157
9422
8303
5611
9413
8931
9263
3231
6596
8063
5304
903
1540
4406
5936
4061
5336
1425
1863
9807
9065
362
6053
6489
4982
1115
8666
288
4832
586
6287
1922
6626
7035
7826
4536
383
3477
1021
6878
9998
1456
1738
1734
1627
9421
6928
6137
8029
7926
7478
2493
5588
7671
7825
5045
6782
9372
3888
6274
5374
9771
4775
4615
8687
1434
3100
9845
2503
405
8601
8269
6535
1859
3465
9283
4767
7165
6507
6077
9267
377
2613
7648
7644
5091
6325
4175
5568
1416
6840
4773
9876
4401
5427
3213
9814
3561
3305
2289
3505
8834
71
1224
5687
3476
7865
5895
639
5598
2395
4547
2575
8210
5077
9345
1601
4411
5568
4205
4200
8711
3602
931
8238
8174
1162
3431
6100
9388
6242
454
9913
7138
6606
8337
9040
3801
618
6078
2300
4295
9399
2960
2171
2274
8109
1914
6701
1901
278
7112
7502
2831
2206
9899
7616
9518
3781
6486
9227
4006
5062
4696
3529
3341
9913
7667
4962
8633
6233
4555
7453
7311
3364
1791
5292
9925
9654
8823
7404
3729
2591
7128
3828
7981
2726
5129
6955
4320
5056
8793
6075
541
5906
8450
9096
6624
7386
9768
7782
3630
952
2223
3035
3680
9699
8795
3542
4175
6511
5037
4277
6117
5718
9789
8676
4203
1490
7303
1126
3575
5581
9093
2577
2692
6271
8654
7393
1237
6240
2434
8144
7120
2916
2902
7866
6971
7866
17
8075
8219
8442
2899
4054
6277
1000
1407
7241
1470
5138
6880
208
7744
2105
5388
8730
4353
1207
5580
3487
4208
8228
7184
5138
8767
4054
377
1686
7988
7853
6832
112
8004
7749
9761
1906
8499
7352
3155
2814
2168
6427
3181
6424
3439
4234
7805
6345
1400
4081
3306
2796
5358
9601
7594
3697
1008
4851
3569
1556
7179
5835
1885
7976
3960
2122
4883
6110
78
758
344
8668
9212
7206
4129
5357
9703
5948
3626
4459
2322
6513
1235
1883
5850
9609
8126
4132
5916
1513
3109
9324
1339
5499
1667
6305
7992
9767
5494
758
4260
8952
5668
8551
3856
2160
5906
3938
5043
3905
7442
9610
9649
7978
4789
2982
4856
2086
613
1720
6193
2162
253
5246
3745
8013
7322
4726
79
2594
1963
3884
4967
6805
8104
4448
4343
2259
191
8367
2443
4453
2923
8589
2403
4965
9757
9277
7535
7364
5914
6796
4681
5743
6333
9163
3107
7520
4325
2784
9983
182
6214
3601
6330
771
7701
7903
7631
3467
6731
3097
2945
7677
3101
923
1406
6608
9088
3811
9327
1161
6211
7952
1840
7996
1116
7179
7582
8057
148
2942
2462
8611
7282
6160
1529
8266
6152
7051
8022
2632
2002
3275
6005
9076
5376
6429
1913
3394
7986
4012
5627
7551
9663
252
6879
2898
6105
8588
637
4944
3306
4814
1839
7302
9223
1554
8854
1687
4617
7572
7315
8873
2080
127
6616
4567
3097
729
2343
747
4133
2114
3261
3217
3400
2256
7156
7254
4299
4344
8364
5029
9483
5462
3607
3682
8756
6111
88
4102
1158
3421
1290
9932
8028
6059
4009
3644
3257
8266
3865
6909
5879
2902
5580
6936
647
4803
2703
1852
7770
5773
3831
3968
8474
2617
6581
3249
3533
6710
5701
585
6041
631
8999
3537
8592
5828
5939
4658
5833
6979
9812
8607
2108
6855
6227
6348
8738
2100
4041
5898
3364
8125
6951
2976
553
4653
345
7100
7478
5512
6796
7390
2194
2672
9695
6272
606
9876
1561
2767
5746
1129
2317
2317
1877
2767
4760
4943
4736
6026
9885
8461
6900
2665
6643
6148
8436
886
8933
4279
3144
4365
2176
4456
8026
974
2091
9936
7910
5523
1450
9926
6918
2278
9125
1248
9995
6872
6854
4850
8521
5808
9427
3957
7077
4343
9336
9206
6967
1909
7080
8306
9670
254
4406
6380
7142
2963
4567
9956
3923
7235
8054
571
9942
7816
2568
6764
4000
8940
5298
6054
9579
9012
6084
8451
8265
5059
858
9837
2183
8198
3628
2552
5269
5503
7905
5044
6896
3682
8831
4176
1989
6861
1973
5885
7561
4084
8780
2776
6046
5981
1979
8882
6711
452
6216
8384
4462
6818
9892
8633
2334
1152
2957
3137
7748
657
1533
7850
2589
6569
9101
4555
9578
304
982
3015
8237
2255
8537
2029
977
4374
3843
3335
4376
8897
3297
3795
6724
890
7089
2164
5573
6611
1019
7320
4932
4331
7637
5341
976
4903
4446
2198
7853
826
8252
4503
2121
7615
3411
3577
5616
6574
7414
6155
5889
3476
5457
3622
5101
227
7521
9965
8577
4191
6307
5420
8028
1467
235
6354
3453
343
2962
2168
4849
4621
7210
2315
8553
3562
5501
30
6169
1118
9156
6614
5526
188
8915
8771
992
2016
1422
9590
6055
6907
9038
7388
5038
9011
4110
7123
7377
8377
5962
1844
2065
8104
3938
1617
441
6164
5195
5930
5970
1205
7652
6724
1273
5559
3562
9944
6855
628
8282
9386
5846
1841
1468
8614
9984
9602
7021
2273
8156
781
2353
8403
7214
4893
8309
3669
5177
2420
2749
2971
5140
3113
7865
2776
7396
4129
1883
2807
9094
5459
9332
5023
9530
7484
2525
1565
8210
3838
6837
7810
2530
5711
4865
8355
8313
7772
9828
3342
3116
5010
2605
7036
5
3306
4806
3041
9108
380
3006
6625
6372
7206
4418
8149
407
2529
4906
5515
2494
924
3125
780
8265
8394
4357
3250
9790
2657
2322
4200
7004
2487
8151
2012
5454
9570
248
5566
4199
6143
9007
2986
9206
3939
2145
6000
4265
5211
3094
1082
5522
5900
8199
5709
1098
1661
9805
7688
5457
8248
3191
3533
8027
6796
6203
9196
3799
1223
7871
5399
73
4137
3813
1425
5612
360
8502
4305
4733
9316
3731
9237
6896
6579
1851
7898
5073
2404
2930
4785
3279
6692
6895
6403
2162
1678
1972
5635
3211
9928
3539
4044
8790
8940
4444
1027
982
1312
2367
1325
7899
3399
4285
6172
2516
5649
8139
8468
1703
777
3341
4160
2531
3813
8027
8639
1539
4175
1650
8336
9193
9699
732
8088
8536
6622
9771
7770
7136
1245
4895
5004
9380
5581
8562
2238
1255
5319
3805
7436
2155
9519
2565
7058
7100
9905
7953
6107
4729
7585
405
6266
9190
8806
644
8781
6683
2119
3653
1759
8461
3573
7696
4335
8084
5543
8856
6670
259
8058
7330
7662
3588
9203
3455
518
5247
8708
4412
6561
2533
9973
1939
4509
2893
7591
2396
9662
756
499
9074
6051
2250
4654
7602
1995
4543
4599
8301
5881
8202
5578
7584
3283
5841
4376
8004
8666
6306
8521
4433
1428
5205
4654
9516
4823
9106
3392
5997
1142
7802
9678
2906
7815
8981
5514
6462
5781
5014
2171
2143
45
44
9932
3994
909
6569
933
7770
4340
2035
3350
7171
4876
4243
2549
8504
1224
9488
2806
869
4468
6139
6922
8695
8446
9654
4295
5491
8510
2236
6613
4450
841
2677
7073
9754
7437
318
1157
5323
649
6331
7376
3330
5342
5792
6740
2102
8170
9228
2281
2999
9746
2023
3119
9134
881
2181
2347
7120
7400
7650
5918
5428
6451
4393
2563
3328
4249
4091
1000
7569
4912
3047
1551
7960
9505
9445
5847
1069
4733
3214
3950
603
9962
9630
3456
625
5875
7790
9515
9011
6823
7539
9558
3451
5149
3649
7162
4919
1910
8356
2767
1224
7787
6649
5651
5616
1619
7535
2027
7285
2868
708
4406
5642
8217
1123
5697
9079
8444
3226
980
8002
8332
2423
7575
368
8156
9001
6432
9621
7354
2943
7417
1182
298
5392
7877
2281
3079
1772
9339
3457
1465
2247
1720
4191
72
7469
2893
2589
7049
4969
1759
9612
6879
8970
1836
4431
1270
4230
1334
6499
2243
9081
1334
4717
440
5219
3778
3779
6494
2224
5842
2153
9211
5511
500
5281
6782
9239
7918
6481
6212
862
9443
7139
3554
7818
9742
595
5451
8698
5103
1171
8948
5247
2394
6030
9663
1073
3247
5665
236
8928
7437
6919
6794
8411
79
5479
687
5350
8305
9206
3668
582
6854
3839
6248
9806
9447
369
113
3868
8799
3057
2955
6449
4578
6626
4319
8412
9315
8942
5506
546
3058
9390
1552
1876
4060
4865
6275
7426
5409
9194
5229
419
6812
9598
2611
1994
8114
7151
2164
8358
4703
7960
7042
3222
2168
5784
721
7882
4181
8289
2183
8806
5806
5053
6557
3775
5060
2756
1800
8185
7134
3697
3888
4151
2376
7409
9747
4598
3794
6786
4754
6602
428
5338
9090
7224
224
5197
4156
3858
9788
4672
9447
7156
1477
4672
3841
5911
2959
8271
8577
2616
9581
1293
2642
3100
8850
1533
1275
8188
1579
2934
5392
2980
9895
8897
5057
2051
351
6578
8798
1674
6756
5915
9677
7504
7456
9706
565
5992
4974
7465
4324
6915
4704
6301
1676
9836
7625
2111
3064
5203
3853
9540
1628
6679
5762
3014
6634
3702
7336
4481
6456
8629
756
3838
6673
1813
6093
6097
1575
6004
3934
1874
7587
5754
3928
8415
6528
4601
9590
4267
2608
6560
9375
921
3487
9126
8214
5220
5835
4785
1795
332
9313
7539
9531
2020
2032
9040
311
7112
3021
2415
5587
1530
7418
6132
4331
8810
8308
6669
3180
6631
7234
2465
2554
7609
3025
901
1123
1517
6692
1028
3402
4150
5246
3030
4473
9414
1278
1313
3104
6424
2804
8209
3057
2519
1154
4213
6866
3597
9798
2837
2321
9960
8753
1781
59
5995
5930
1979
388
1532
9013
5639
6615
3443
583
5648
3982
446
5568
1254
3337
6178
1778
6863
4333
4669
6570
3797
6377
2812
856
9999
8992
5240
1069
9200
9616
47
9926
6288
1559
7461
2284
3833
7549
5394
1567
7712
7404
1514
2168
6319
5292
6964
9017
9460
8437
5232
7397
6981
9044
7988
3945
7455
3609
7926
1928
484
1810
1400
8236
7028
6468
3612
7900
4691
7651
5038
4538
567
4273
2050
4190
6438
381
2768
9828
2061
4186
6101
404
9905
9288
6528
814
1752
3453
5966
6550
3888
167
5701
3963
1248
1380
5312
6636
7791
5725
4565
3240
4324
4645
1689
6426
755
9811
4224
6668
9715
2363
9513
3234
4739
5604
4992
3178
9210
4145
872
8309
9330
8514
2949
5303
2418
9587
1935
4964
8143
2197
5103
400
7941
3829
1306
8770
3166
6411
9411
8519
2543
4678
3145
9624
4061
9799
9051
2667
2552
7772
422
8518
2516
7140
7905
2708
9738
8224
5199
23
7213
9213
5439
4281
6668
1863
1606
5209
6903
5987
6263
2764
6852
4439
2609
2967
8335
7502
5637
9533
9688
6152
4158
9025
4775
5364
6417
696
8040
8479
9626
1722
9347
2548
2549
3112
4304
4458
2864
5007
6369
3292
4673
1519
3591
3673
7772
804
1199
1033
7315
2046
1863
3636
1008
1640
4035
5320
2125
1188
963
6099
991
2285
7199
9707
8349
2753
6676
9249
2508
6180
1952
4648
5540
4265
7996
6563
8070
8839
2667
6861
1785
3055
9639
4910
7968
909
3275
4434
7457
9332
9273
7482
5422
4995
8955
4164
9944
2014
6313
9339
3203
4263
2146
6380
9563
1007
6823
9418
6597
5334
8845
3253
9521
7489
8065
8672
7270
2852
6829
8125
8040
8288
322
5331
9000
4613
8497
9833
8053
7468
3761
5520
342
2891
6475
9982
8492
247
3613
5286
3297
1037
3105
3263
630
2290
2743
5987
6012
6395
1611
3790
5091
7894
8791
3904
804
7093
7620
6550
470
2451
3443
252
521
274
9554
9073
7601
2520
7232
8161
9452
6051
7286
4286
8835
5442
1987
8782
4485
9078
8396
2738
2761
3467
1013
1276
449
7578
3691
850
1612
8826
3473
519
3410
587
260
4680
9113
6270
3282
5785
7565
2646
8256
3537
7711
4839
1938
300
3002
735
7509
13
3421
6807
8252
6931
7365
2484
9132
1112
6468
7264
7952
3268
378
5444
411
2441
9309
8560
9436
7454
2971
8649
4445
2250
1586
8656
8387
7915
5617
7731
715
1480
419
6695
2686
7645
1678
6695
3323
5888
4857
6895
5738
5375
9040
7607
4716
3369
6502
6019
5502
417
902
2316
8262
512
4960
526
1392
4059
259
4459
6387
2639
4124
9629
3997
7181
7476
4083
3547
4306
920
9847
8513
4866
402
7530
1990
7209
7727
3546
1784
8597
6075
7994
3241
5739
5393
9055
9305
7050
9060
9226
7043
982
2375
9219
8914
8364
8059
6596
5859
3090
8344
8907
3817
5059
9008
2393
4593
5518
682
1937
7541
2927
8455
4353
6103
9053
2113
2354
2560
8632
9517
175
1507
7074
9144
4988
4460
6600
9397
5760
9965
5911
7002
5192
964
4074
4929
4759
5293
1485
128
9222
404
364
4926
7349
743
2854
9983
502
7203
115
3201
6799
1659
8432
9754
8619
4435
4611
664
3780
3873
2354
7917
4878
4497
2111
9889
3099
3298
7771
9249
9776
7555
5626
8255
6025
7369
6034
9181
1056
9399
3048
9906
7103
5363
3556
1599
5147
2530
1243
6586
9536
627
7816
2864
4899
5725
6930
1585
5138
3952
4231
3614
375
3072
7088
5895
7523
7795
5857
5768
4386
9630
1344
4707
3295
6394
4967
7185
5390
7509
4777
3556
3582
5560
3649
204
7838
4789
6196
7275
3334
5976
6993
8377
1996
6897
5829
5586
4857
3778
7570
5442
4598
801
2077
7423
1900
5375
66
7604
1322
1975
1756
459
9787
7573
6442
626
5095
7953
5188
360
4978
8294
8752
5212
9401
4585
6647
1953
5452
4858
3574
1136
7038
3415
4425
7497
7842
6513
9441
741
2989
1668
9528
874
2723
2789
1688
8512
6960
8106
627
6283
8204
9288
325
6
5234
7512
7414
5688
8846
270
63
2860
9047
8315
6901
5211
4396
9387
4595
1448
4347
4299
2585
9848
517
2369
7773
373
6313
4489
6629
4594
2656
903
8166
5974
7077
9816
4437
6195
3296
795
7434
4770
2821
2082
4823
7054
936
7460
8003
8886
1784
7531
9954
7520
1249
3766
18
1095
5303
2378
3512
1203
2600
462
4068
2591
2862
3631
9411
5922
1555
9633
5744
6848
4055
5818
5874
176
191
105
1220
5952
6595
5849
1744
8310
992
1878
4137
454
6901
8052
1939
6621
5522
8249
7718
313
6882
6870
1921
4308
2231
7179
7406
7245
3428
7146
2968
2851
2390
5835
3714
9534
5813
3294
6247
3476
7455
6862
6685
1875
4790
9510
1265
3608
6359
7318
3782
3010
7596
4477
9302
224
3663
3285
5164
6861
9073
5752
1642
2246
7201
9258
3974
5088
258
8398
7849
5944
4312
2741
2699
6296
7890
9543
8296
3667
4673
1177
4050
6807
2407
3677
9409
363
6528
9911
7480
6321
8744
6184
1419
2216
4117
38
2318
6801
7366
6416
7095
2968
2217
3389
4735
9492
6213
2170
5406
7119
2729
2720
4119
6488
6081
2912
289
37
8490
4733
6223
9253
2726
120
9269
6082
1369
6012
3677
9658
9638
5361
8658
6314
8759
1488
2385
3816
6862
2180
8125
5497
7108
7824
9585
4086
6392
5888
6422
4445
4238
8133
5257
1011
3653
248
736
1160
2423
5579
5077
1550
8608
5863
4906
7194
7661
7005
8189
445
4535
8034
5631
7133
373
9764
609
5343
1702
4185
3043
1328
5081
796
8293
654
7002
7085
7382
9650
7123
4274
453
6727
1099
9436
1274
7847
3966
3311
1974
4807
5596
7376
2564
8776
5135
7895
6548
9591
2185
5066
2995
256
4152
2808
3373
8844
3154
117
8143
1914
7906
9294
3844
2614
9918
8386
7871
2372
7623
4686
8856
5211
2504
1332
7635
7972
3991
1325
5060
8819
3427
2764
5619
571
9199
5307
2019
2583
4118
4702
551
3303
1331
2633
362
8459
4157
4435
6494
3631
2693
201
405
6857
1129
6954
2088
2717
9350
139
963
9339
9499
4088
8387
1016
6159
6425
803
6460
4734
436
1617
9544
1385
4408
4493
9835
6703
3023
2112
1039
8487
4101
3903
500
6905
8035
3192
6342
7701
4727
7864
4609
3043
4651
7480
7116
1522
5375
5025
6277
6164
9659
8965
537
5834
2143
5683
8420
870
4978
4709
4920
113
5108
8044
110
820
9179
3464
4900
2214
1781
4613
8902
5000
3674
9005
188
286
4703
7289
1663
2591
8151
9853
5025
5510
1113
6650
5458
2364
5904
1336
9407
8907
4939
1002
7770
3901
9255
4536
400
5442
625
4149
199
9039
4680
4851
1472
1542
9064
3152
162
755
6350
5159
2733
5403
2489
3850
5939
5406
757
5477
597
6883
2553
7484
1824
3281
1354
6308
1195
3532
9415
4267
6000
2130
3190
1518
1492
4008
5923
6240
7181
718
2921
4824
7291
3868
9570
71
4531
1102
4702
5880
1844
3481
6673
7892
6419
8550
5718
6878
1001
275
2995
3161
1844
4019
1933
296
4973
255
1468
4914
137
9701
4124
5022
2624
3327
1902
8116
9547
7485
1123
2253
315
2869
7803
4179
6869
179
3970
7070
2440
500
9257
7811
8059
772
8377
3183
4112
7371
2755
96
8925
9336
5949
3311
3236
4144
1248
2087
5346
552
3491
470
2212
764
8772
5154
8760
4482
7945
3543
5880
8088
7921
9757
1873
9852
8749
9962
5674
7188
5553
9228
9882
928
1016
4973
2441
603
9234
4856
3636
3603
8717
4057
6816
8958
2510
4969
2964
6311
3304
4977
3720
5189
2715
6697
4361
4621
912
4689
1867
3699
6440
7048
5854
4382
2215
695
1962
7383
1013
9923
9017
7645
6736
5940
1829
4785
3715
8954
945
2566
7979
5984
8742
4938
2679
8658
1220
4782
6730
4038
2382
8039
1937
6206
5149
4224
9424
7339
93
2520
1284
6496
2371
2782
1577
7924
7723
7590
8530
2001
553
1202
8908
5055
7906
7775
6314
395
5003
7907
1216
2600
752
6519
8080
4426
685
9433
1110
4308
9052
906
4280
6110
183
657
1031
4793
3486
2787
7719
5700
9635
1953
9706
5025
7455
1306
5039
3287
5040
5075
9648
9995
7520
450
2657
9737
4390
5864
6602
3608
9913
2176
9374
5419
4943
6094
4684
8887
4132
6091
937
1763
8376
1866
9282
136
1131
4088
4262
3520
2628
6744
9617
8798
9592
6012
4987
7726
9525
399
894
5369
2765
9410
2923
1294
1007
5554
9491
2794
2629
6758
8051
9677
9429
6938
4034
2727
1254
2407
1056
8308
7861
9937
1531
1713
502
1327
1658
1068
4834
9968
6209
4228
7664
8042
1576
691
2031
1283
4676
49
1728
8468
3354
7124
2
5784
8002
2206
3554
8946
9687
7378
299
6998
6650
3266
8614
6876
9190
781
3630
4457
3666
7605
8941
728
1273
809
6823
9917
6675
8972
505
796
2148
7991
8114
7494
4902
6343
5587
1120
5751
9821
1674
2367
2904
8867
7244
1401
2537
9771
9242
8241
7180
2011
8435
2405
7955
9607
4893
3925
165
8565
169
5127
9325
3454
6203
514
4389
8793
5524
8155
6713
5823
6702
5950
7104
7039
4407
308
5974
9477
1441
6595
7664
2685
2140
2306
8768
4865
5859
1460
5837
8274
9182
1079
940
2321
3025
1690
5686
4466
352
9721
2777
4579
2778
147
4039
8945
2843
4445
9562
1690
3448
5722
8513
9358
5088
5505
6699
5153
2161
3778
7071
20
1654
4899
7670
3943
4484
4593
1694
3019
1800
6373
1879
4334
8469
1092
6955
9550
8987
7323
8726
6814
3791
2445
7002
6181
2609
3740
2997
35
6012
8652
2248
8378
5645
1499
8037
3841
3266
4687
7718
3183
1513
6826
703
1315
4834
2926
5448
6203
2054
5001
5740
434
8715
6041
5052
5502
2939
4253
6682
3327
2439
5461
3373
1998
8681
1892
842
9982
7347
8357
5019
9258
6453
7815
1806
1120
5724
7344
1615
1028
5609
849
3703
4896
1602
7457
8698
7744
7361
8593
8434
1301
6474
7196
673
8091
7894
8946
9688
4590
7710
5622
5
1078
7676
5986
2357
8153
2943
1238
3595
7369
7882
853
6305
6210
707
2971
5601
3661
7621
8915
3031
7713
1920
4269
2910
6144
2921
1680
9708
7358
7038
7686
2046
596
8413
661
3593
9143
1799
99
9985
3471
5753
3502
3542
5859
3501
9266
8189
7171
5559
8778
539
8125
8405
8393
37
1223
7042
9672
7373
2969
6583
3707
1395
3654
1784
824
753
3263
5865
2875
199
3538
5876
9228
721
3865
9440
1183
1106
6170
9778
9788
3028
3559
7889
3933
7427
5865
5493
2827
883
7392
5698
3730
5992
6677
5295
9107
869
9461
8980
3050
8049
7495
7726
4449
2188
619
5114
3523
5168
3513
65
778
7021
9556
3352
628
9531
7469
9929
3189
9748
5238
9689
9699
7474
2748
9299
4758
1593
9447
5954
8124
2884
4282
9008
8922
8404
5769
5010
7566
8901
7609
385
608
5252
6563
4810
6514
3151
5825
6869
1711
4533
9026
7689
4145
1419
9371
702
19
3283
5653
2796
5159
85
1512
5088
3697
7542
275
4221
5109
378
8807
8209
662
5585
3065
6345
8877
705
8189
3705
164
3230
4927
4122
270
91
7821
2251
1632
2850
2267
5025
4999
5105
2011
1607
3927
209
8059
5733
195
9483
9456
1962
7548
5273
5432
3695
4891
1193
9250
2283
3446
7628
4388
390
588
5794
1901
5986
6329
6899
3581
9197
3173
4944
2006
1460
5973
7381
6508
6863
525
9054
3179
3140
5771
1424
5377
1256
5636
1540
4548
9330
6696
7628
6466
1029
3849
3258
8085
3197
2744
2552
6489
6037
8896
1478
8582
7635
7158
4654
9133
6109
257
4015
7369
116
1961
9608
4623
8475
2642
5391
2348
8672
8031
6944
6001
874
2274
426
5216
4156
3106
6137
3749
7106
9524
2755
3963
9764
742
5519
6053
9002
283
9201
2466
6092
700
2148
4277
6198
6214
2711
8267
8134
7763
8916
4913
3618
409
3986
1067
9999
8992
3684
2219
4195
3601
1379
3508
3394
3236
9492
5536
1448
905
4467
1522
2222
9396
2187
2661
1527
5290
1372
1430
6055
2294
937
6357
6376
1854
6945
64
6971
6899
5774
7073
8285
8681
2883
8502
8099
5717
5207
2924
3269
7732
6943
9105
7543
7831
8470
9206
2439
9249
3587
8550
1914
5286
8560
3147
4584
7439
628
6733
539
807
7020
5216
9432
2731
4384
6415
1865
4481
6715
9465
5722
5412
5304
3931
2929
1100
2798
4736
781
2545
2395
8696
5233
8920
4108
5956
9522
2632
1526
4435
1553
8088
2528
2963
9413
5679
4579
8036
8415
2122
3058
4880
8201
6407
519
4159
8568
9478
464
4588
8809
6637
6492
5043
1103
2810
4896
1825
9126
8284
6220
8462
6723
9479
4815
5524
8985
9086
6460
6219
3883
5661
7652
1439
15
852
5263
8144
2466
9604
6210
8581
9095
5817
2691
2258
2587
6474
9717
6622
9605
1096
5351
3822
9912
3148
6734
2418
9153
1447
8278
3421
1344
5409
599
7614
357
2298
9015
3087
2914
7565
658
2123
7493
5932
1294
2464
3382
405
1453
8735
4889
3677
2129
4753
5012
5405
2280
1876
6727
2652
1781
1739
2747
749
4417
9115
2254
7235
8628
2314
7615
319
8142
7645
2587
1988
999
7884
1079
8601
4851
4596
6978
9269
6235
7214
9954
8720
1145
6242
4806
8937
1389
8072
1501
2296
8198
5427
7805
3778
2787
9804
7839
4555
436
6208
4706
9791
5701
9542
5272
3928
9840
3044
8005
68
2034
7552
2541
1069
8677
4883
1548
6291
9875
7225
3401
1221
1309
9103
6290
350
6244
8133
3374
4902
8400
8313
9800
902
3811
3912
1196
9176
7886
1563
3305
9596
2724
5067
5793
8535
4059
5581
7185
2070
9810
3997
630
3175
5251
32
6406
979
4601
2706
5420
3480
1845
7625
9453
1964
3257
3885
8344
875
9328
1082
7611
5445
9840
7374
2653
1600
4237
1887
867
6754
3129
166
5228
3398
1064
2590
8179
8014
9383
85
1877
5659
111
6426
392
5542
5836
5521
1224
9716
6513
6073
6640
156
9997
8590
1115
8500
4587
3443
5463
1025
9933
9092
6626
1685
6170
8000
4257
1295
1904
7919
516
6351
6140
8946
6444
1933
2384
3756
7060
609
6555
9276
5446
4557
5633
4971
8162
3136
3807
1481
8593
6520
8044
6250
75
6610
1365
7737
473
8565
661
5990
6434
895
6987
1800
6873
9589
4283
3406
8546
6070
7747
9699
600
1748
7046
4421
2760
120
6385
4796
85
1930
2685
8491
7157
3623
5001
5597
8393
9818
9561
1247
5588
7923
3358
9496
1885
113
2182
2428
4055
939
6583
8299
2840
9111
1568
1375
3547
2953
4516
6387
2564
1047
4421
9321
7555
1032
9276
528
9467
7710
7928
6516
5711
1515
7950
9300
3498
906
2299
27
6537
2095
3290
2997
1703
5562
4336
771
5866
4731
5757
9166
1930
5675
3571
1847
7864
7144
5225
1687
7334
4682
5803
8400
8625
3206
9135
4940
1720
3055
9252
430
6703
6249
3645
9429
1047
1033
6329
407
7807
2954
360
5709
5423
7526
1865
1866
9952
3696
4037
7105
9676
7416
7870
2408
4508
8794
4436
357
669
2780
9281
2314
4599
1501
8798
6371
5078
6219
2287
3760
3339
1011
3539
309
9158
1540
3728
4079
7945
3274
1139
7078
6457
5314
3334
27
3957
4202
7889
349
9283
5609
4065
1222
7612
7074
4102
9860
9713
6970
6981
7773
6721
3682
243
254
1404
5600
7769
1604
2226
981
1651
3264
7385
7840
5130
4989
4422
406
1675
5681
2573
6701
8396
1813
2820
3255
9462
5104
2833
9087
451
9321
1441
8093
2513
5315
867
4635
5652
3688
3125
5198
8854
2985
4930
992
5371
8377
4463
9823
6461
9056
2615
270
5842
7507
1738
3757
2802
8740
6563
3828
4638
4862
1545
3883
8745
7376
2478
8956
7227
5870
5011
2101
2990
1684
329
5449
6795
5364
8588
2108
4789
388
4066
393
7063
7916
4244
6129
4124
3687
8691
4359
4192
6164
2698
4665
9139
1386
7192
7081
9263
8040
6478
4427
6527
4041
3199
2045
8949
1418
3330
9115
813
9972
6397
7925
9121
8994
3529
9847
9051
9164
6608
8731
6864
4020
8676
1062
1969
4042
8034
6491
8644
475
7182
7195
3788
1212
3307
164
3964
2007
6218
411
2059
1397
7964
6164
7247
7785
7710
4233
7498
6482
2660
4603
1343
2359
9815
4181
9390
3847
7225
9245
1738
298
2701
4240
7483
4110
9794
2213
4931
9192
6680
334
8241
5164
9896
9169
6151
3209
9766
5839
2431
366
4272
3880
5264
500
7994
9502
6513
4238
8997
3747
5206
1392
2690
9599
2281
7394
1063
9828
2384
1478
7612
1326
2339
8754
1758
1738
5736
2403
6798
8755
4911
5239
5644
1584
7126
5764
7778
9502
6195
4319
6020
8250
6817
6987
8938
3469
4180
6745
7270
9059
7171
9360
374
3854
8865
1565
7554
5522
5267
7958
4672
2399
4516
4115
271
8743
7539
2987
92
4406
7232
8504
9565
3728
780
7258
1794
7336
8588
7722
3089
3494
8316
5434
866
6699
7897
5560
1600
4466
6491
6448
1864
9895
4549
4548
3102
465
2165
6533
4943
6202
2881
1018
6628
1203
5122
8298
1949
5737
3810
9513
2984
2094
2461
2187
1744
6016
9497
5826
1227
3418
1825
2764
3396
5751
8880
9099
4323
8071
7308
9633
8091
3621
7628
4788
2538
4457
2428
7300
7234
8794
5984
2636
7393
5628
722
1370
6075
1117
2963
6538
5658
407
459
8309
7585
1631
9152
3814
719
9110
4929
250
1775
7656
9567
7804
57
3138
7594
1949
5359
7991
7859
1685
3650
4344
1911
3740
3454
2152
2083
9039
7001
7084
7639
4998
4834
8026
2004
4149
4589
8862
7360
5433
5162
3700
7280
3616
2653
8697
4747
6363
7863
1075
345
3681
9338
4372
2233
7832
4153
5790
4099
8011
9514
1142
5144
6347
9131
9617
5923
4840
9391
9705
7867
6269
3106
4548
8651
6818
5395
7820
6297
5828
4526
2890
1949
8634
8201
2913
1995
8169
3803
1616
1057
9704
393
7519
7955
4616
8609
5591
809
2347
2344
9859
2096
3964
5421
6728
157
5515
5837
4056
4873
5411
6033
4795
6236
6420
2432
2462
3774
3782
2404
3627
5231
876
3489
5825
3627
2557
7460
291
3401
5523
3327
6613
3222
917
3605
8079
4170
5518
6659
4752
8390
8747
2230
9334
7782
5173
7934
7641
9464
5227
4701
6144
6039
3677
2058
7692
8996
2368
6756
90
213
457
2741
8866
5483
6906
3204
1081
4116
8538
5953
688
3736
7701
3686
8662
8805
1312
5621
3781
3414
8805
2360
2840
3278
2977
5899
7313
5215
6845
7767
2222
4435
6978
961
763
2886
4441
7280
6064
7745
6616
9574
9495
1641
5703
8680
4674
4904
8544
3624
79
9103
696
4291
1344
1485
8797
3633
6496
6436
9503
9665
1571
9638
381
2193
9487
8205
9545
2201
7555
8753
4732
2832
2394
8723
4672
885
3788
983
9912
4930
6383
7797
4098
2891
2499
9493
3767
3995
1313
1132
5414
2345
144
8548
4851
521
6786
5346
4588
9630
661
7691
4744
7451
605
2308
8253
4636
1645
5026
4069
5106
3507
4155
1776
2809
9072
142
870
182
4968
1828
3416
5134
7936
2003
2038
3147
9050
443
46
7045
545
982
3550
9692
3445
635
1638
4020
5211
3851
2536
9195
6676
928
1799
9269
1226
5772
5797
4659
1252
9810
7510
3462
3614
9799
5362
7046
246
1558
763
2275
636
9362
8409
9267
4411
9175
5181
4769
168
8384
7323
1039
3609
5274
7882
1130
1267
9181
4111
4054
3098
210
1106
3186
9085
4157
435
9493
4228
8583
5375
374
8404
3653
7628
3362
7915
2426
3098
5439
9158
3173
3029
675
5447
1422
4280
9479
311
1970
4783
1137
516
6557
8208
3752
7366
4644
7276
3650
6076
9181
6272
5228
5880
293
8144
9076
4352
7668
4206
1418
1011
5071
1908
4390
7192
3046
1946
9717
1539
5258
1397
3083
7432
4822
330
5355
4087
5621
1608
187
2181
2042
1736
321
3278
5480
9754
3690
4421
6300
3635
5017
682
4450
9742
4925
5193
3500
7215
2353
3242
8535
697
4290
8546
1515
4857
8998
7241
1594
8861
6549
3699
3244
2567
1786
6487
1602
9588
3254
492
4945
5516
5834
3846
6291
4340
8839
4792
4397
2990
1813
2231
5270
8049
6962
6510
3780
1233
140
7482
4240
9005
2871
8640
8547
290
3082
4687
2384
15
2292
2966
8851
4314
4559
518
8957
9141
730
9915
2193
7361
7454
4758
4091
2688
5355
4947
3787
7000
5854
6940
1762
4222
1257
3998
7301
865
5996
4368
5948
1233
6702
9356
7681
6474
3973
3314
6921
9037
9264
8686
9000
8351
342
8772
9745
8247
6665
4722
762
917
767
8874
7026
9854
9980
1675
9888
9630
2816
9189
3250
1356
6988
2485
6565
3525
7394
1018
6458
7207
266
5909
4749
4427
4489
1151
1209
3594
8983
9387
4614
9041
6341
7684
6373
8855
3945
4523
5895
1658
6989
135
3363
4551
5246
5821
8361
3529
8141
5494
1404
5482
5982
8474
2139
2425
6573
9505
523
2899
3258
6205
117
8389
9745
5647
8778
7696
8833
7218
4375
507
2815
430
4212
4109
4856
9794
3027
8297
498
4778
1994
4749
4855
276
4134
2852
9968
7313
7904
985
7107
6603
8035
2712
5217
449
2638
1512
2877
5086
6978
4987
8627
906
913
6760
4816
1295
8923
9431
4819
3773
8336
4618
3050
844
1086
2571
2590
4598
1434
7867
4706
1234
179
2137
6196
1844
9744
5150
3967
1052
8911
2840
5971
9284
4633
8488
7307
1809
542
558
5458
8015
2456
4946
3964
9822
4895
3257
4092
1441
6839
8985
7167
3357
5961
7383
8905
4012
2372
6889
5878
8697
9466
6683
6386
4091
1874
3522
5452
4260
5039
6325
3313
5506
8351
3319
9920
5534
8302
1534
1711
9590
7034
1178
3621
5494
2913
4887
6214
1087
8228
481
5336
6750
3876
2762
5234
5440
5017
8437
9310
2805
1529
1454
367
3048
5450
638
2964
5319
446
3189
2642
9168
9918
4766
1171
2655
2561
3801
4752
3757
1061
9375
1177
8035
8564
2202
3149
3179
7540
5574
199
6198
831
3936
5554
5713
1921
89
5432
655
1493
2874
302
1339
9807
4769
9602
8193
7097
2941
5076
164
3451
4956
9568
7375
9192
8515
2047
891
4022
6069
3964
3159
9484
4436
5689
3577
5723
6751
5696
7276
4678
4907
4771
7989
8332
8777
9886
1967
2768
9915
647
8834
4305
1034
4350
8531
2240
6287
326
993
8300
6494
7478
5437
9131
2742
9671
7584
1704
4440
9815
9045
1396
4265
5114
5290
9693
8838
7473
6569
7490
8653
1639
6887
6280
1965
6869
2205
8008
1339
8299
2903
8185
6763
4715
5628
4220
6218
2243
7448
3534
7173
7394
9238
2995
990
3165
6137
1417
8614
4093
2879
5106
4052
6520
7946
1435
7898
152
8140
1579
6456
3352
8116
380
2873
6431
3511
2219
1559
8955
3381
7161
37
9013
5931
1034
8376
3363
6535
8507
475
9749
5433
2403
5729
4694
4426
6890
2596
9411
8029
4259
2276
2436
2737
2891
8801
5603
2647
7392
310
3762
6807
6901
2814
187
5802
8866
2445
8269
1916
8719
125
158
1882
1957
1545
3844
784
5761
3086
4958
5112
4771
4946
8810
8525
4576
4959
5536
9014
8929
7650
9560
8679
6637
6046
2392
1192
4218
9811
3266
8848
8397
1735
8427
7884
1079
5381
4389
6455
3134
9600
3397
1797
3005
611
8928
2384
3906
9135
2085
8961
739
2344
1686
5823
432
3506
4794
7339
5125
852
9825
7503
5808
903
2061
8237
1222
1883
1929
5162
2639
5539
7882
525
500
5954
7974
9560
2573
2757
9173
7611
314
7759
9052
2066
2098
7359
7757
1933
4046
3765
1688
8260
3872
9672
6956
9995
8800
7655
9379
2453
2076
6643
8974
4599
6913
2563
3795
3124
5918
1704
5808
8393
9716
5403
657
8403
8050
2399
9378
6729
8176
4422
3547
9479
1067
3040
1377
8649
8122
8356
1412
405
4269
8718
5631
5566
1523
2055
8524
7530
8046
5392
9557
1766
5684
1163
32
9062
4100
2349
1606
7022
9712
7499
1222
8199
8349
4791
484
9005
1721
4743
3412
2807
5522
2829
2859
1108
8681
1990
825
4787
1208
2610
2898
8688
28
5734
9815
7118
5527
5616
5522
5619
832
8296
5740
6652
5486
2489
1376
6466
5569
6185
4044
9497
8855
3882
7109
8251
1756
1159
1921
9162
4891
1154
7216
5050
9417
5730
4914
98
1216
847
8469
6449
3929
8040
9202
6845
7921
8315
5716
200
1753
5948
916
6333
9819
5644
423
8141
1172
76
9098
4390
8544
3973
9247
6951
5897
5986
9958
2528
5
7280
6193
4104
1286
9223
9025
3579
6408
9257
6325
4103
1459
8156
2839
9072
1670
9664
3587
8667
9002
6280
2465
1486
1083
1406
7514
3534
7356
8566
5308
9722
6905
9991
5500
5923
601
8098
5172
3553
1820
1886
173
9780
9321
3044
3087
6568
3798
3851
9071
8640
4836
319
1003
6325
8754
6414
5676
2948
294
7439
4713
6585
5113
2156
6502
144
5938
1531
483
5174
7809
3921
8914
1172
1184
6226
8175
8621
400
7250
7768
3534
2879
8475
2130
4191
9016
344
7260
2850
1652
4837
8709
2597
19
715
1329
2269
7506
3625
5241
6640
7108
5286
8163
254
545
2701
2755
2938
6395
8836
6830
7433
9441
9262
5611
6710
6425
5466
15
9302
5227
333
7548
6510
2511
6964
522
9519
1556
9580
933
6986
2966
9653
4397
5321
8244
6853
7822
2117
2650
2195
9963
7971
9017
7402
5289
7301
129
220
4575
7084
149
9643
6460
8167
2071
4964
3314
4305
4428
3107
5110
6270
7009
3751
1946
5816
9708
9671
1361
6371
8178
9178
8581
9236
6246
9417
4024
1337
7953
3396
6202
725
4046
778
1136
1687
9335
5370
7441
2391
7186
781
8028
792
3454
4948
2199
8295
6311
2231
9068
8884
4380
8059
1143
498
3245
8768
5446
4972
2025
3835
4276
8332
3167
5789
1180
676
2554
9969
4229
7857
9729
6273
3924
6915
7479
1454
2369
9956
5220
9512
2798
1568
2310
8283
3971
7339
64
4937
7752
1054
3788
6769
9710
846
3951
1123
1722
2076
5239
5182
1964
5136
6017
6633
7215
1920
8300
5036
3633
7354
7935
5479
7587
5572
1368
7922
7748
7500
5360
9880
6973
3963
3488
7178
758
680
7947
5977
1634
6709
4217
7010
1223
8315
5350
4444
6863
5782
9665
6859
8168
4535
15
5190
2810
8251
2382
7750
1251
3235
1104
7792
759
691
668
8512
2919
1265
7779
3605
739
5853
1961
2565
760
7643
7266
3422
7158
9261
777
3069
2852
3867
4172
7296
6663
2766
1206
6918
2739
8728
2827
6803
3963
3962
8091
8334
4537
6850
7213
9897
6441
6578
8453
4119
2724
3291
7232
8151
8678
4102
7658
5112
1864
2422
8015
7703
482
6365
1279
3902
5465
281
8571
395
6023
6981
8525
9759
1775
6975
5652
3172
6047
7659
497
4313
2756
9314
5608
549
2610
6760
2177
9718
7346
8119
2689
7215
9679
772
6103
794
7491
5580
6202
3607
4472
360
3699
3944
4492
2884
5605
1569
9401
4861
3688
6079
7527
3942
1518
3385
9374
2895
3269
2397
3258
5155
9250
8476
3773
3544
6040
4394
7579
9000
5713
5783
2587
6384
3650
7026
9731
1152
2514
2102
2573
909
8596
4944
3339
7119
5195
3724
4927
3969
598
682
8761
8990
3493
6047
9204
172
5289
4527
386
1326
4602
3219
9761
814
2105
8166
4582
7272
9202
7772
9817
3023
1356
7476
6498
6172
6716
9113
6307
2293
2209
2536
8750
9987
337
754
2104
3218
1000
2527
5952
8108
6241
9956
8566
7678
1581
5708
5315
2614
8374
6184
8672
1043
4733
8224
5030
1450
359
4344
1829
4581
4895
7824
1592
7434
1321
8018
6968
6384
8142
2491
7378
2695
5674
2700
3919
1940
2587
5397
2797
3411
7322
9110
3357
8388
7426
16
4774
7931
3808
7683
4005
8292
1498
5649
7895
5674
1213
7246
4522
5634
8097
7954
6040
3219
2232
4509
2416
177
7266
1903
1751
4505
9215
4411
6408
9836
5933
9379
3095
9564
7414
4688
7310
5351
5134
5855
8837
6514
8808
8152
9023
6637
4757
8244
4609
7296
7278
3344
9572
9196
9128
6014
9336
8089
2774
6145
7228
594
4272
6604
6675
3159
7372
1172
2924
3023
1556
257
6847
8107
7839
3021
2359
1480
1142
7110
9158
1945
6205
5802
9197
3204
5828
5758
2530
2063
2617
5457
7815
1120
3498
6369
1144
5595
6579
9767
8220
2879
4979
7399
6055
7745
3632
5686
6682
9404
7252
4307
506
7915
5119
2482
5681
6058
9304
2079
8732
5592
595
1248
3681
1802
882
7819
1576
4299
3971
4103
5886
6199
4965
3116
2532
2150
666
1549
1006
662
7539
6191
8478
8457
4546
9972
8687
4976
7699
357
5634
5554
7946
2284
7386
6688
5037
9104
6086
2784
8131
6730
3649
1741
4902
6353
7047
1787
9451
6220
2726
2907
7021
6823
1206
5836
4285
4064
8358
38
9486
9883
4019
3544
6649
1629
5439
8937
8269
7624
4434
9299
3925
2471
9597
1172
7020
2406
2890
2132
9186
2901
6521
2662
2195
7097
2738
4738
9476
5616
4494
5380
2010
8807
3103
2946
6307
4691
5392
9181
3085
2590
7269
5692
1140
5105
8994
4770
1900
2776
7569
1307
7055
1360
9040
8977
2938
2171
4704
6708
6221
1938
4218
2188
9834
8973
2765
793
2599
4104
5866
2079
9772
37
3134
2329
5415
9085
9688
7206
2143
5370
8125
7185
6071
7053
7225
504
3916
7830
7277
8832
2336
4982
8153
8261
514
1649
9781
6874
7982
6875
6699
8293
9065
4056
5851
4813
3093
9915
294
676
588
7349
2058
2475
1464
5293
5274
6107
6178
1602
6973
5025
8335
5347
2000
4012
9725
7613
8957
2439
2900
6166
951
2341
363
9723
4778
1542
6155
2321
1893
3151
9703
5024
5215
1548
9890
4615
3913
9869
9719
2965
3693
970
7963
2932
846
8813
5176
4182
9281
3761
2481
6476
216
4841
6198
5783
4741
7650
1100
4793
1050
2771
9398
1121
8302
3880
1527
3959
4042
8761
5470
4678
7551
8352
8559
1519
7387
8728
4968
8011
7526
9043
8511
6965
4110
3995
3804
6377
8656
3154
8315
1747
8871
6777
59
7603
4744
4687
7349
4974
1562
6547
7512
914
558
2719
3042
5251
5827
1668
2613
5706
9539
7894
7082
9571
154
6566
6892
5429
70
8390
1462
7891
8821
8471
6801
7710
1817
8664
5915
178
4967
1480
6672
3881
2638
7880
5511
6795
3406
3773
2896
7193
2330
591
2862
1944
1158
7988
298
8348
8596
1048
9824
492
1700
5228
3430
9073
7149
9930
1240
8850
666
8195
4103
7952
7619
876
7288
1420
1529
300
1545
1558
5687
8939
837
7596
13
6001
8680
6955
1822
6224
2180
8239
7834
1845
569
8719
3815
5395
1195
4421
121
5605
7655
2074
7428
1744
1627
4439
4682
7607
2852
7588
6052
4997
234
8881
4372
9396
7639
5189
2624
1865
700
7709
3983
6021
6474
109
3824
5824
8642
4767
583
6706
3266
1993
7898
3293
8756
4959
4981
4123
37
7306
7609
3883
7835
7693
4056
479
1811
2718
344
8308
1881
1636
915
8890
1390
6706
949
2669
1548
778
2491
1211
5005
7979
7790
9790
1662
9748
1306
4611
737
5836
374
7660
7542
1705
7614
7503
9745
8620
6178
8686
8403
5458
8927
910
7135
1771
9839
7710
1187
4707
7066
7448
1188
7843
9639
546
2345
2341
5135
6412
3485
1628
6583
9493
1193
5843
3090
4612
2517
8725
5614
3419
2669
6889
5597
9017
8597
1763
6489
8575
6674
8348
7142
9570
1370
8873
8138
2353
4357
3219
606
27
9567
5072
6802
5858
7893
9951
885
448
1305
6915
3433
5264
6796
6771
9201
5412
5748
1822
1677
9022
6782
8271
8012
7309
2713
74
9608
7560
8294
1945
4895
2707
8783
8726
1561
8276
7776
110
2335
3610
9889
8273
366
233
4857
4288
9138
8581
5275
5733
6994
5637
5007
546
6329
2604
476
1467
2793
9079
2161
86
4675
2668
7885
2558
2244
9023
5507
794
4293
3600
2594
1761
4720
942
9236
2453
5784
1004
2529
451
8326
8094
7215
1556
747
21
1990
4748
3801
9943
6808
6392
5765
430
4025
704
5063
7001
5487
2835
741
2784
3413
8240
4967
4624
