3.823642
3.950288
3.684123
3.939167
3.597404
3.714716
4.124536
3.823141
3.519664
4.002135
3.629637
3.760987
3.736341
3.914015
4.011988
3.771437
3.732327
3.662554
3.783941
3.640112
3.681711
4.005818
3.834621
3.793340
3.923297
3.759033
3.570869
3.757965
3.890973
3.710701
3.795356
3.688204
3.905782
3.805319
3.819346
3.796429
3.730166
3.950339
3.886303
3.651860
3.381559
3.776094
3.970055
4.232497
3.933678
3.930568
4.060740
4.012534
3.785528
4.034587
3.811084
3.611043
3.733481
3.658369
3.646039
3.701807
3.791775
3.848299
3.788642
3.606540
3.706553
3.653589
3.750753
3.952906
3.898816
3.848605
3.688055
3.642128
3.737325
4.313472
3.648338
3.756123
3.617179
3.690276
3.658855
3.978111
3.937247
3.560188
4.087879
3.898611
3.749829
3.811009
3.774061
3.803230
3.880123
3.853845
3.749834
3.919163
3.814236
3.751084
3.958636
4.074068
3.594776
3.690704
3.831060
3.775883
3.795028
3.751781
3.698906
3.859623
Average: 3.802564
