2.149122
2.211712
2.144862
2.180762
2.080324
2.109232
2.185549
2.194460
2.137644
2.203727
2.143301
2.147371
2.117485
2.185656
2.170135
2.117861
2.120517
2.181200
2.139052
2.111649
2.123396
2.170908
2.173901
2.143852
2.196359
2.154361
2.158460
2.117769
2.145873
2.154194
2.150310
2.212540
2.139283
2.164069
2.179079
2.162305
2.146546
2.188190
2.155983
2.100599
2.085392
2.190268
2.182853
2.207325
2.189547
2.172145
2.155035
2.154908
2.115952
2.168361
2.190955
2.144807
2.113818
2.105280
2.209948
2.125152
2.149474
2.178047
2.155261
2.155633
2.132884
2.074746
2.145008
2.129791
2.134074
2.147181
2.146438
2.140189
2.171479
2.204177
2.144272
2.155272
2.145159
2.124001
2.140437
2.176681
2.203613
2.134416
2.171368
2.153359
2.105847
2.148742
2.186444
2.131071
2.199318
2.154475
2.168512
2.165231
2.151665
2.171656
2.151904
2.137010
2.105140
2.169447
2.146451
2.162594
2.150390
2.136992
2.109396
2.194809
Average: 2.153414
