1.437312
2.649023
1.255598
1.582221
1.763242
2.905991
1.833251
1.960260
1.721859
1.869097
2.840264
3.593966
3.395116
3.399420
2.571737
2.384371
1.380856
3.076180
1.188980
2.258431
3.304684
4.738510
5.216298
6.662511
7.939984
8.658750
6.924643
4.342189
5.524384
6.278581
7.650669
8.792285
8.337182
6.892179
7.919268
8.656625
7.323109
7.683112
9.106113
9.640572
9.458280
11.046371
12.382855
12.714122
14.184787
12.414808
10.709374
10.458649
12.025107
10.774517
11.329931
9.374878
4.725322
2.276745
3.574415
4.410478
3.355343
3.760683
3.468702
4.257504
3.515094
5.352930
5.879431
7.087935
5.969739
6.605141
7.604295
6.555854
7.450105
7.300935
8.694881
9.465995
8.509173
8.249852
9.291461
10.166927
8.265703
9.291801
4.674064
6.546107
7.608725
7.860223
8.887605
9.305880
8.050735
9.452340
10.917673
9.118390
8.667716
1.987300
2.624937
3.878750
4.357017
5.179549
1.945740
3.177060
1.764878
3.124515
3.856664
3.928051
3.731944
1.005746
2.305297
2.225710
3.256970
3.959483
1.340155
2.164984
1.158139
1.514419
2.974180
4.054501
2.264876
3.337940
1.540745
1.582735
1.776983
1.757239
1.667914
1.863374
2.770881
3.602202
3.556888
1.237643
1.244656
2.693836
4.382200
3.527614
5.316690
6.399450
7.538589
6.028124
5.906921
2.552757
1.459599
1.897349
1.912267
1.769219
2.782619
1.508473
1.956091
1.929668
1.995933
2.227468
1.307204
1.054348
1.849331
2.750888
1.749569
1.431919
2.311239
2.330780
2.446332
1.645647
1.882262
1.895690
1.793728
1.926952
2.889925
3.072196
4.063258
4.442747
3.521720
2.008259
2.366879
1.782680
3.145986
2.612852
3.221428
2.399837
1.113227
1.592455
2.896537
1.136171
1.101357
1.587675
1.663493
1.487790
1.094340
2.572027
2.896179
1.120139
1.250245
1.259418
1.369588
2.643061
1.093069
1.510220
2.916237
4.332863
4.023025
4.361436
6.039414
7.347113
5.088738
5.640785
7.228019
8.246417
8.947017
10.437145
12.018600
9.460132
5.322988
4.778685
5.134302
5.934476
3.639762
5.394123
5.792569
5.381849
6.477536
6.825351
7.191198
6.135004
4.160367
4.359575
5.507635
6.161993
5.786220
4.516891
5.184638
6.232420
5.798706
3.608353
3.816773
4.189309
4.009972
5.486651
6.111682
6.434198
7.488421
5.031106
6.364422
2.038570
3.432369
3.224943
4.631588
3.601260
3.288020
3.829973
3.432708
4.509270
5.735221
6.474915
2.165926
1.238634
1.546637
2.682509
2.446547
3.127587
4.130666
5.140365
4.742392
4.609768
3.767921
3.465841
5.217380
6.608189
8.225548
7.059627
5.022722
5.441674
6.292483
3.415794
2.980894
1.518697
2.523878
3.637715
2.519698
2.179914
1.420055
1.614743
1.876511
1.058504
1.922901
1.534079
1.517548
2.212313
3.629642
4.403020
5.294819
4.326193
1.321677
1.665182
1.437745
2.610379
4.293219
4.700328
5.874471
5.437690
6.417610
7.023901
5.738113
1.742052
3.273565
1.457191
1.074784
1.916512
1.974685
1.006340
1.685668
1.775159
2.932900
4.010680
4.148489
5.252865
5.071806
3.745436
1.993319
2.251449
3.397609
2.362161
2.082422
3.221806
3.790504
5.520078
4.967381
5.704648
6.983614
7.031263
7.333921
7.348931
8.941797
9.024891
6.695929
4.693377
4.435386
1.360384
1.266227
2.173660
1.744616
1.057281
1.013494
2.251871
1.135645
2.840657
2.591217
1.646669
2.162629
1.601824
1.646251
1.669427
1.720153
1.604761
1.634669
1.115824
1.920075
1.960993
2.085065
2.125687
2.759280
3.609325
4.892032
1.295380
1.301205
1.460488
1.231968
1.335788
1.826485
2.016318
2.194371
2.981455
1.468196
1.920552
1.672512
2.978013
1.905393
2.386597
1.236849
1.919460
1.906925
1.340304
1.623789
2.195335
1.041254
1.999745
1.819092
3.034091
1.283982
1.490073
1.224112
1.132513
1.789055
1.701542
1.752596
2.659143
4.364861
3.193203
1.766437
2.776141
2.943277
3.132648
3.511568
3.564730
4.036086
4.807247
4.799387
5.843740
6.601934
7.004705
6.828169
7.878940
1.449737
2.599435
2.647398
3.357079
4.105911
1.764023
1.156111
1.953711
1.420671
1.752928
1.602180
2.682901
3.536771
1.560427
2.797774
1.677050
1.881872
3.457875
2.827306
3.995617
3.753237
4.215677
3.448913
4.143051
5.039588
6.018036
7.114441
8.230104
6.503777
6.886019
7.179493
7.142461
4.673156
5.792241
7.010801
8.187777
8.713418
4.710868
3.811236
3.187258
3.465013
3.093642
1.725246
1.807294
2.344468
2.852620
4.483181
5.928797
6.268050
3.460612
5.134071
3.001124
2.008897
2.376304
2.779268
1.225562
1.123973
1.303377
2.057694
1.707256
1.372998
1.515289
1.819173
2.770555
3.149521
4.344599
5.209884
5.709072
6.545127
7.635222
1.145729
1.472255
1.207602
2.333672
3.142481
4.635266
5.707426
6.076396
7.660244
8.672103
8.402596
5.264558
5.355995
5.626325
5.838766
2.555016
3.079634
4.471121
3.840568
4.321762
4.768975
1.617261
1.815342
2.251525
4.080808
5.175320
6.750803
8.080977
9.394866
10.206537
11.098402
11.012835
8.036424
9.094146
8.229250
9.418296
10.625372
7.676367
7.246499
6.126303
6.576766
4.283020
2.929706
4.613384
2.726254
3.405084
1.862990
2.140873
1.520296
1.205483
2.840032
2.879544
3.917106
4.114385
4.993908
1.138847
1.318085
1.011275
1.235225
1.532851
1.819706
1.950265
1.257194
1.013212
2.085900
3.164472
1.505229
1.888616
1.548888
3.170419
2.672443
1.569200
2.840239
4.265149
5.241498
1.196668
2.206116
1.155143
2.163029
2.692575
3.995718
3.841079
2.345715
2.786507
1.415218
1.004039
2.261087
1.771551
2.957114
1.477103
1.675005
1.369891
1.382908
1.347081
1.224575
1.466163
1.164573
1.089836
1.466343
2.836803
1.997494
1.191135
2.331387
2.384389
2.858983
4.073551
5.576738
7.069215
7.891486
1.993905
2.969946
1.586017
3.303876
2.681588
1.753747
1.967319
3.417509
4.061641
4.721853
2.140502
1.861374
2.507589
1.074458
1.185599
1.035541
2.187435
1.577295
2.529712
3.286358
1.672188
2.371501
1.473328
2.600987
1.482564
2.516647
1.048061
2.533362
1.135428
1.891405
2.664051
2.897310
3.943127
5.807994
2.752804
2.114884
1.911047
1.839939
3.430838
4.801235
1.476193
2.632667
3.349286
4.035691
3.115122
1.233583
1.925521
1.486583
1.796408
2.281017
1.012354
1.997182
2.563879
2.494615
1.146749
2.599874
1.663491
2.312593
2.534925
2.671784
1.801981
2.459745
2.073952
1.606110
2.062362
1.251532
1.702258
1.683713
2.140329
1.333202
2.172426
2.781716
3.199581
1.160578
2.040261
2.418347
2.995653
3.924651
1.513726
1.074601
1.060048
1.594495
2.302917
2.646590
3.633200
4.306706
5.700289
5.744837
6.814479
3.183840
1.966511
3.300167
1.937655
1.554147
1.249628
1.795889
1.775631
3.183270
2.754780
4.181225
3.622061
1.529045
1.537488
1.093510
1.865488
1.138982
1.807642
1.463037
2.619966
1.819282
1.546693
1.995415
1.936642
3.313719
4.563458
1.379417
1.814295
2.078834
1.900753
2.480222
1.438629
1.074247
2.891902
2.866376
1.201063
2.076717
1.406233
2.197108
1.096531
2.361188
3.366087
3.368755
2.719689
2.505423
4.299444
3.930860
3.805150
5.149545
3.632240
4.754769
4.945996
3.098597
4.691665
6.260878
6.651467
7.538922
8.395944
7.377629
4.153258
5.134317
2.092666
2.070901
2.709632
1.153394
1.462453
1.075371
1.251704
1.009361
2.568251
3.180179
4.477975
2.490583
4.063824
4.017649
5.544083
3.500415
3.731873
1.873675
1.456162
1.395107
1.193941
2.525428
1.667478
2.031761
2.816759
1.344788
2.140404
1.837582
2.679978
3.363441
4.657415
5.170290
5.150243
5.158778
3.905682
3.219839
3.045729
3.096893
4.596059
5.474815
4.250566
4.516193
6.175761
6.290560
6.558858
7.348882
7.138086
6.946415
5.213933
3.124835
1.117932
1.695427
2.329392
3.093932
1.404655
1.923784
2.377122
3.613683
2.038037
1.945163
1.959886
1.638472
2.187957
1.031162
1.815619
2.294725
3.883042
3.151127
3.657935
3.360665
4.852451
2.054477
2.570141
3.305557
1.371016
1.294572
1.283711
2.142042
3.657374
5.447668
5.226793
5.976032
5.918686
2.824626
1.528428
2.846322
1.848612
1.365954
2.597548
3.779587
2.788726
4.105300
5.678371
4.459316
5.977195
6.179207
7.456278
7.342003
8.125048
6.713052
6.921105
4.776518
4.657620
1.555509
2.447134
1.154930
2.216726
2.297393
3.544538
2.533414
1.654211
1.435766
1.836536
2.105303
1.494337
1.151451
1.686595
3.220430
2.948239
4.453444
5.268736
5.396799
6.452683
7.765543
9.577494
9.307555
10.943575
10.955447
10.093824
11.220516
8.719815
9.797720
10.837492
11.542311
11.220632
9.765316
10.163902
11.446479
12.901628
13.996830
13.872363
14.100144
9.126375
8.355074
5.850063
4.252192
3.170685
1.454960
2.545247
1.784211
1.648073
2.704119
3.499691
4.878362
2.989017
1.169878
1.418576
1.658220
1.575180
2.890735
1.249798
1.013845
1.311139
3.104709
4.132175
1.255371
1.838682
1.205337
1.802218
1.850505
3.154595
4.830886
6.519345
6.291729
7.217819
3.626918
1.167691
1.630935
1.842440
3.097254
3.955669
1.284424
1.586506
1.223967
1.959691
1.210021
3.060071
3.704288
4.173971
5.651243
5.826342
5.920620
6.360427
6.532104
6.988609
7.912373
7.895408
9.033927
8.358949
8.363200
6.672709
8.221804
9.325153
7.156049
4.932681
5.571070
4.615399
5.819130
6.552369
3.323790
4.793868
5.477885
3.692684
4.359898
4.770890
3.033237
2.791880
1.142956
2.665935
3.095392
2.795296
2.839713
2.860615
1.782094
1.749615
1.122079
1.888668
2.148657
2.521211
2.964043
1.812544
1.314965
2.860892
1.982282
3.472272
1.734333
2.391717
1.632772
1.537790
2.923858
1.781538
3.121488
3.903947
4.945758
4.482523
5.818379
4.574162
5.844010
6.721471
5.528891
7.359940
5.770099
6.402506
6.392533
7.650250
6.062467
3.680653
4.743069
3.207388
3.658509
5.126232
1.534628
2.338733
1.383944
1.347262
1.666037
1.276010
2.279956
2.420712
1.901817
2.481386
1.651879
1.861249
1.368990
1.501344
1.389429
1.141866
1.861884
3.312386
2.711098
3.513054
4.257148
5.133345
2.230838
3.120107
1.901090
1.964099
1.383356
2.126657
3.937661
1.821259
2.307953
2.671831
3.226499
1.499008
1.609173
1.508565
1.879013
3.484148
3.932879
4.638195
3.714801
4.276643
5.082050
1.804389
2.330550
2.456165
1.089405
1.670813
2.290749
3.632787
3.794216
3.575568
3.044892
1.845074
1.563199
1.175276
2.174577
1.676455
1.144909
1.922821
1.668545
1.485990
2.360507
1.060482
1.756249
1.492712
1.687045
1.365396
1.025603
1.874887
2.938812
3.107114
1.945047
1.371466
1.665776
2.167344
3.299141
3.461301
3.884685
4.647734
5.935127
6.520329
1.953483
1.909163
3.304339
4.862638
3.550910
4.790469
5.333285
6.443100
7.405223
8.327880
9.501824
11.038284
6.035932
4.309958
5.174444
3.036518
2.575306
3.782230
3.763886
4.684197
2.131945
3.338728
3.583913
5.038556
2.617568
4.133390
2.124762
2.057502
1.791384
2.208848
2.583446
3.587978
1.926304
3.527694
2.779185
1.917872
3.268841
3.884216
1.930734
2.768649
1.800333
1.973365
1.313519
1.870781
1.449137
1.854689
1.420569
1.801828
2.439421
3.972920
5.620452
1.710664
2.611764
3.287634
1.198817
1.631222
2.568128
3.516349
3.952499
3.395232
2.826188
1.332788
1.485640
1.318969
2.600003
1.069700
2.406290
1.243355
1.970303
2.274517
3.225078
1.847227
3.303021
1.723361
3.047703
3.870860
2.776414
1.972228
2.511651
1.073805
1.620103
3.515946
3.334236
3.389557
3.615466
1.526666
2.714615
3.105073
1.500060
1.382851
1.624184
1.975013
1.875313
3.053287
1.687461
2.783786
1.070806
1.872984
3.359446
3.343218
5.039217
4.494343
3.281674
3.242177
4.583349
1.989519
2.106591
4.053665
5.819267
6.684921
7.784462
6.779483
7.395199
8.859542
8.007044
9.415458
5.869068
6.587623
6.273445
5.159449
4.484536
6.119301
6.350475
6.737613
6.656470
6.389689
1.847491
1.246327
2.430818
3.796997
3.557065
3.511609
3.588021
1.225974
2.818010
1.318584
1.390603
1.781297
1.988140
3.141988
1.716340
1.427355
1.845136
1.861666
2.342686
1.769065
1.555609
2.240112
3.043245
3.000752
1.958539
1.638036
2.563751
2.718390
3.255980
3.975665
4.998563
4.690880
6.073134
7.077958
5.727126
5.644375
3.131464
1.758900
3.255346
4.946837
6.268794
4.724834
5.147050
5.004028
3.032887
1.628027
2.192022
1.232114
1.378620
1.363515
1.249357
2.278598
2.708761
2.784829
1.560871
2.924900
1.774164
1.651538
2.596734
3.253840
2.800789
1.673307
3.042515
3.320563
1.613514
1.921971
2.001425
1.424563
2.071792
1.381378
1.511075
2.277660
1.658159
1.015553
1.752476
1.751109
1.780525
1.705404
1.538647
1.035114
1.973580
1.708517
1.097236
1.686713
2.444354
3.453447
2.707429
1.912487
3.306873
4.036524
2.925013
2.738957
1.869492
1.249519
1.526589
1.970939
2.069502
1.907823
2.741841
3.642337
3.015859
2.128066
3.160799
2.864637
1.150932
2.598688
1.553594
2.643335
1.696441
2.338280
1.602998
2.256791
3.565601
2.852492
1.759209
1.927372
1.693884
1.483827
2.529430
4.281425
5.566262
6.843906
1.911091
1.795651
1.368727
1.837545
1.127971
1.300261
1.914301
2.758396
1.694788
2.039889
2.632638
3.445979
1.471364
2.519084
1.533074
1.581767
1.245717
2.259736
1.194922
1.946546
1.376573
1.569458
2.228831
3.570366
4.351195
4.814895
3.769181
3.781408
5.190412
6.892983
7.617306
7.457798
5.762048
5.877035
6.175878
5.336065
6.295036
4.767782
6.411523
7.832494
6.307187
7.042652
6.783350
1.522026
2.526599
3.605944
2.665713
3.490760
1.721271
1.464988
2.182060
1.438440
1.951150
3.714642
3.596710
1.823648
1.316050
1.036319
1.140680
1.743500
2.178285
3.500796
3.708895
2.915604
2.463954
4.380065
4.681264
5.065361
5.197562
6.914389
4.580898
2.500744
2.717269
1.215654
2.224630
3.008940
3.107671
1.785969
3.053401
4.505778
5.447034
6.178694
6.770973
4.113086
1.903262
3.183408
2.583833
1.193509
2.747373
2.253614
1.825049
3.612615
4.979480
4.502115
5.642939
5.761793
1.101468
1.941515
3.693162
5.492639
3.535575
4.724516
1.051756
1.091891
2.261512
1.775717
1.652318
2.403418
3.469200
4.542375
3.611757
5.405101
5.375803
1.321873
1.149860
1.871125
2.691492
2.540584
3.523016
2.606569
2.681800
3.878170
5.561026
6.628702
7.325278
9.017834
8.005031
7.135402
7.367769
8.766513
7.819875
8.644978
5.018471
5.286512
6.583691
8.228677
7.454073
8.731184
3.323990
3.187003
4.179101
4.117702
4.121802
4.410631
2.992755
3.586160
1.681879
2.221671
1.186780
1.069640
2.169902
2.209918
1.875545
2.920896
4.147386
1.681772
1.882984
3.007994
3.494137
2.615358
3.328075
4.151373
5.518612
6.972884
7.403710
8.902010
9.701178
8.261404
10.159764
11.748093
12.347880
13.703584
12.460726
13.981601
14.449854
15.376473
16.757685
17.813681
15.616820
17.185877
18.513384
18.513389
16.118223
12.503050
13.266108
9.610089
10.506559
10.725562
10.659323
12.093886
11.994128
13.778277
14.655772
13.748015
11.862320
12.475022
13.148527
12.234453
12.437812
11.351223
12.336370
10.700384
10.800503
11.596260
12.822003
11.607282
8.542885
7.881641
8.227127
1.164420
2.693340
3.086191
1.429865
1.831686
1.322404
1.752206
2.513139
1.110872
1.905551
2.039313
1.891928
3.083296
1.401749
1.617940
3.166930
1.691315
1.486653
1.227204
1.383668
1.912986
2.866539
4.046829
1.771861
1.886176
2.006556
1.757917
3.132711
3.859674
2.527334
1.964905
3.198962
4.617827
1.251373
1.046745
1.417216
2.746497
3.658913
2.671200
3.585160
1.284205
2.653560
4.487841
5.297958
6.369954
4.939989
3.999404
3.984783
5.039316
5.747814
1.772659
1.913993
1.986743
1.078180
1.814001
1.632063
2.196273
3.661624
4.698293
5.458835
5.898779
6.698438
7.243032
4.654406
4.431001
2.488764
3.282839
5.059902
3.239571
3.066657
2.322114
1.207005
1.334459
1.646830
1.133619
2.396989
2.966322
2.788594
1.568170
1.798359
1.396398
2.005953
3.494834
2.221904
3.143501
3.174290
2.533376
3.387300
1.405782
1.501815
2.064180
2.684567
2.469116
2.856796
1.583492
2.174822
1.780808
2.850350
4.168757
3.678217
4.290759
4.993958
3.452589
5.146792
6.215472
2.721938
3.769808
3.620293
1.470625
2.405561
3.627162
3.485894
4.643837
5.429474
6.376313
5.647124
5.035604
5.278901
5.314544
1.187621
1.637482
1.869880
1.954601
1.534241
1.503406
2.350989
3.215132
1.672569
2.876131
3.666483
4.817946
4.601920
4.901179
5.743214
5.679492
7.503012
6.860665
6.916791
7.344293
8.788341
6.786133
6.455598
7.061906
8.788572
7.800391
7.157079
6.083691
5.858150
4.560029
5.421325
4.322764
5.547469
6.436145
5.805211
4.461854
1.903082
2.603387
1.736100
3.000945
2.491012
3.419397
2.696415
3.662958
3.731281
3.795287
2.801203
2.658975
1.749243
3.119834
3.945879
5.039751
6.288517
2.762982
4.093790
4.385479
2.105800
2.742541
4.396767
4.182881
3.736739
2.034056
1.398702
3.056558
2.305821
1.219568
2.669444
3.660775
3.579343
3.919396
2.394361
2.915047
4.197735
1.615448
3.213224
2.042869
3.114026
3.737113
2.443370
2.449563
1.394647
1.985155
1.962151
1.925882
1.708002
1.956494
3.846766
4.162845
1.930862
2.162370
2.808250
3.876267
1.468776
1.269593
1.500015
1.210764
2.888043
2.375125
4.039832
5.678269
7.000823
7.412946
8.937558
9.546282
9.629709
8.897226
7.302548
1.894044
1.402359
1.267968
2.129349
1.102299
1.070947
1.678135
1.234603
1.575420
2.852598
3.454625
3.448035
1.464899
1.655832
2.289612
4.089959
3.988506
3.418615
1.990642
2.507716
3.288500
3.291673
4.538574
5.964472
7.399564
7.289607
8.638364
9.469590
8.867408
9.196219
9.448561
10.626517
8.266713
4.471341
5.204656
4.539377
4.385228
5.201153
2.981483
1.162059
1.766345
2.826194
3.779288
4.117820
1.449186
1.659216
1.032083
2.712415
1.860658
2.285056
1.101398
1.566408
2.116803
3.578517
3.872460
4.658348
5.187374
5.372569
6.317346
7.700575
5.095583
6.363460
6.643118
6.819183
8.054185
9.062125
10.332643
11.516681
11.268065
10.359866
11.582492
10.436492
10.327227
11.415401
9.033922
8.187922
6.422294
8.061541
7.291034
5.664214
7.148500
6.616214
5.505389
5.248580
5.163075
3.683922
2.035651
2.917927
3.361153
2.383454
2.638457
1.005960
1.682111
2.771008
4.133551
1.383969
1.551112
1.748916
1.917493
1.311555
1.198909
1.116926
1.580350
1.787125
1.326752
2.522053
2.872233
2.385830
1.617596
1.969717
2.137461
2.946697
3.391425
2.062938
2.860738
4.119741
1.966736
2.467329
1.624993
2.033011
1.584247
1.735320
1.642255
1.595716
1.953561
2.097560
1.897303
2.322558
1.389488
1.998340
1.847074
2.959310
4.017896
3.601746
1.128088
1.916823
2.066190
1.186992
1.312835
2.768420
3.778213
4.023533
5.396827
6.141861
6.080372
5.035011
6.269009
6.734024
7.178394
7.135217
7.773161
4.373549
2.970966
1.143562
1.866796
2.777678
3.981600
4.202965
4.456994
4.962036
2.915086
3.903701
1.871945
2.703007
1.613474
1.616557
2.290454
2.394858
1.958792
1.871742
3.495985
4.894227
2.524649
2.260958
3.229847
3.197620
4.522502
5.901218
6.905345
8.814491
9.744855
9.580878
10.191932
11.044102
6.840460
6.758002
1.536722
1.106673
1.227104
1.553117
2.288286
3.436513
1.547596
1.004961
1.490158
1.402939
2.092718
2.124393
3.452965
2.343856
3.857919
4.973940
6.763243
7.432852
4.628426
4.518995
5.333523
1.974916
2.726423
3.811311
4.141717
5.598558
1.240253
1.269340
1.290472
1.370070
2.496603
1.548186
1.484147
1.242703
1.882564
2.109585
2.059559
1.374495
1.267490
1.004379
2.227928
1.288901
1.548171
2.628211
4.148646
3.969517
3.942895
5.542791
4.127792
3.802610
2.588133
1.371365
1.154148
2.956396
1.551462
1.600445
2.554411
3.812021
5.072361
4.791921
5.746185
6.572381
6.321006
7.190229
6.528813
5.192902
5.494277
7.384267
8.748600
9.002335
10.393267
3.496309
3.361682
3.369936
3.246556
4.746016
5.994289
4.606408
2.489663
3.895261
4.398840
3.692561
4.253951
3.834498
4.492608
4.823340
4.392584
5.072233
6.108284
6.536310
7.961135
9.094435
8.696364
8.630318
8.660757
10.521607
12.274406
10.864573
11.601077
10.376894
11.081354
10.644151
9.832953
10.953384
9.980328
3.679764
2.522617
3.696920
5.287055
5.423623
5.024231
5.949811
7.346671
8.039052
7.118470
4.583812
1.529949
1.185302
1.698484
2.166022
3.086999
1.954970
3.159230
4.744104
5.313304
6.547276
3.335586
3.855334
4.682194
1.660864
2.825015
3.671105
3.438086
5.275815
6.488296
1.467170
1.785158
1.338501
2.799169
1.123218
1.027259
2.705773
3.159170
2.645836
3.650941
3.874438
3.637343
4.515025
5.774656
6.768298
5.661136
3.463333
4.923246
5.524839
5.671880
6.182752
4.925332
4.392672
4.816519
6.116333
6.962383
7.689755
6.503940
6.169011
5.237832
3.002166
4.124657
4.853761
4.732752
5.784992
5.061775
4.731594
6.289425
4.373621
3.663067
4.913029
3.368970
4.346723
5.948453
2.178264
1.213689
1.978211
2.099332
2.797003
3.534437
3.791305
5.204943
5.535707
5.931188
5.585060
4.683297
5.778356
5.366575
4.082647
4.964482
2.917762
3.459137
4.518852
4.576584
5.988019
5.376259
6.285879
7.410232
8.533883
9.229497
6.566480
7.970089
9.317751
9.124625
9.901531
10.647775
11.066858
8.147326
6.596350
7.482968
6.010476
5.610686
3.322091
3.603251
3.465039
1.892379
2.810810
3.348504
2.135246
1.048799
1.583374
2.601543
1.159824
1.869555
2.092505
3.115785
3.984237
3.655363
4.603607
5.632240
6.265349
7.492747
5.547269
6.251252
7.593312
1.670474
1.474062
2.714617
2.370155
3.846400
4.833404
6.234240
7.579145
9.368666
8.106433
9.433816
10.535733
10.066015
11.335160
10.652559
10.125111
10.905128
10.504302
11.800908
9.827368
7.280988
9.034562
9.711818
9.615054
7.243188
2.051205
1.142706
1.580043
2.386157
3.254261
3.807856
1.153799
1.047411
1.593213
1.972659
2.261926
2.036672
1.719776
1.328706
2.886942
2.125689
1.474314
2.534130
2.990907
3.208504
2.846448
3.588707
1.112002
1.682872
3.219773
1.772667
1.412374
1.716313
1.152699
2.470479
3.287416
3.652036
3.079207
3.605311
3.483266
2.857879
1.788921
3.044738
1.652661
2.978091
3.918050
3.755038
2.810341
3.359690
3.510594
1.547801
3.229120
1.483964
2.208254
1.072838
1.943388
2.497633
2.662886
1.921544
2.435526
4.137973
1.030822
1.785521
3.185883
2.808297
1.576233
1.346641
2.034635
3.125125
4.608622
1.901699
1.805123
2.850460
1.770994
1.633258
2.383710
3.076604
2.001112
3.417290
3.571161
4.603105
5.345932
5.946077
6.715407
6.126348
7.310120
5.826532
3.916382
1.637332
3.200852
4.424363
1.633653
1.690499
2.226752
2.500618
3.041941
3.461231
1.977872
1.868037
1.994932
1.372083
1.815193
1.368738
2.225153
2.549410
1.660661
3.129555
1.159162
1.891656
2.989856
4.202175
5.376060
5.566453
3.165834
4.471062
1.007296
1.205071
1.983163
1.269921
1.612977
1.329527
2.361713
2.860334
3.827151
4.082289
1.741671
1.197390
1.197133
1.828290
1.993005
1.469912
1.480340
2.630306
1.952109
3.356472
3.983236
2.637398
1.284020
1.944323
1.492473
2.044637
1.838576
1.965857
1.408953
2.844488
1.384387
3.045904
1.390112
1.085327
2.613497
1.804703
2.034160
1.141807
1.163954
1.237181
1.976057
1.872664
2.463069
1.632509
3.392886
4.194658
3.015699
4.701412
6.064104
4.820088
6.150301
4.618810
5.900765
7.303402
8.146123
1.534725
3.151425
1.604161
1.471823
1.361519
2.539135
2.764719
3.541218
4.674831
3.588319
3.127089
3.818603
1.123144
1.643592
3.126711
2.593547
1.678145
2.878333
3.777337
4.202444
4.025505
1.194373
1.590796
1.306013
1.530297
3.024592
1.890266
1.476825
2.254657
3.028392
3.565723
1.594672
2.675125
1.888130
1.929852
1.874920
2.585379
4.388249
4.235573
5.838037
6.185697
7.009553
7.496201
7.633959
7.028474
5.445235
6.293448
7.805810
8.785811
8.132011
5.682847
1.827068
1.375625
1.786285
2.161002
3.625785
1.378326
1.154133
1.156696
1.883573
2.361673
1.742786
2.375610
3.352687
1.567588
1.471567
1.476545
1.286464
1.919289
3.755434
2.518532
2.331564
3.719321
5.136978
4.250119
1.809009
3.227809
1.744491
2.178392
1.425345
2.754635
3.150604
2.609004
2.205324
3.599428
4.343214
3.859545
3.990825
1.362237
2.193752
2.358062
2.517273
2.811293
3.383227
2.616030
1.811454
1.692543
2.942242
3.635415
4.740250
4.557643
1.935638
1.180088
1.997911
3.669379
1.916135
1.251316
1.438805
2.313581
1.260824
1.226813
1.947676
1.588047
2.769013
3.078674
1.008405
2.182865
3.254504
1.781861
1.206538
1.787470
1.978003
2.415736
3.570876
5.305380
5.736842
7.458578
7.463016
7.318255
5.438657
6.960784
8.111448
7.733033
7.895060
7.717800
8.966917
8.567388
9.365006
9.065178
10.138373
11.431853
11.451140
12.734396
13.699804
14.780782
16.170058
16.870621
16.198279
11.663511
12.196176
12.019459
12.919271
13.775162
11.767164
12.394920
11.981276
12.698180
13.471388
14.397382
12.617553
13.172890
12.427690
11.649768
12.308561
8.301143
7.094250
8.462466
9.702192
10.771492
10.179424
11.324290
9.435262
7.684761
8.427616
8.314886
6.803877
7.510756
7.882122
8.730718
5.374248
7.031035
7.703780
8.433321
7.979193
9.495489
10.336769
11.932792
9.471638
10.530571
11.714574
11.956276
11.811988
12.731168
14.693375
14.890373
13.167532
11.486824
12.958985
11.876175
12.192355
10.766999
9.657631
8.926064
3.658290
4.324030
4.354049
5.027592
5.224095
5.617194
4.282978
4.230702
1.252073
1.793410
2.844930
1.542223
2.892544
1.717061
2.694010
1.848447
1.497399
1.276730
1.671871
1.544534
1.638866
1.799379
2.317284
1.831149
2.651565
3.864049
4.102715
4.541994
5.509540
6.832681
5.622967
3.625511
3.616241
4.960245
1.601442
3.126297
3.411943
1.544927
1.178336
1.436069
2.035429
3.372291
1.804363
1.505562
2.162859
2.412271
1.301575
1.658211
2.240337
2.481183
2.606753
3.266839
1.118840
1.523131
1.068533
1.190286
1.988809
2.870568
2.822146
3.561722
1.032691
1.391421
1.973002
2.794683
2.219779
1.311127
2.349755
1.837172
1.321428
1.355306
1.978091
1.882569
1.451999
1.529045
2.866530
2.399030
3.956750
5.070344
1.792855
2.658661
2.612559
3.543165
5.383415
6.440416
5.912561
5.430058
3.657690
2.451920
4.019110
4.172424
2.366372
1.653223
1.587170
1.831818
3.059859
3.673790
5.408938
3.821792
2.765640
3.464304
1.543842
1.788471
2.896742
3.967743
5.044470
6.008109
6.680484
1.462768
1.263353
1.317071
1.343132
2.043148
3.720402
3.593676
4.383418
5.124866
5.400188
5.853005
6.330287
7.594986
8.768760
9.682000
10.833542
10.835573
7.105651
5.431859
5.036873
5.480217
2.667263
3.390721
3.788780
5.027874
3.134661
4.001504
1.181489
2.747067
1.765618
1.356753
2.797902
1.865227
1.655739
2.930141
1.303658
1.880774
3.143456
1.588695
1.601388
2.741746
1.029778
1.987083
3.009506
3.253631
4.022586
1.108088
1.973511
3.907780
3.053515
4.085961
2.817044
2.841445
1.596651
3.067470
3.746701
5.294841
5.325942
6.141798
6.027340
5.293370
4.878159
6.288534
7.511222
8.840997
2.790709
3.068470
4.644821
5.160941
2.881724
1.326311
1.380414
3.174927
4.753574
4.163667
3.507193
3.883207
1.136114
2.017193
2.549007
1.754224
1.458932
1.450044
1.062810
2.277230
1.747934
1.518247
1.301013
1.211649
1.525346
1.988746
1.775586
2.859629
1.979178
1.917253
3.470106
1.392936
2.202750
1.894639
1.122126
1.122817
2.031133
1.240071
1.487929
3.181563
3.507632
4.910817
1.502465
2.418105
2.418097
2.087606
3.129503
3.235930
3.917259
2.602114
2.448717
1.581396
2.511825
2.911407
2.093664
1.290348
1.386961
1.979539
1.875963
1.069249
1.697820
1.477839
1.774812
3.157996
1.800094
2.943745
4.283221
4.690862
5.593651
6.390772
5.512688
2.735005
2.500750
3.868771
3.329193
5.083881
5.809814
4.520170
4.476255
5.474122
6.529759
4.228177
3.181190
4.214155
2.610157
4.412938
1.251273
1.199850
2.633243
1.382466
1.008002
1.270698
1.850294
2.498066
2.677475
1.747242
1.123182
2.146640
2.115166
2.979343
3.703199
1.095999
1.978954
2.184471
3.039707
4.421886
1.636592
3.290587
4.048283
3.068426
2.619966
3.449968
2.027222
2.620375
1.132254
1.047484
1.099546
1.184401
2.236392
3.200057
3.235415
2.781386
1.054102
1.580518
1.837452
1.136963
1.417328
1.573744
1.367645
1.820771
1.418589
1.723975
1.550264
1.011294
1.180759
2.518900
3.177533
3.509190
4.021893
3.118412
2.780907
2.909340
2.082181
1.739889
2.785100
1.953011
2.285284
1.990469
2.015810
1.722954
2.284950
1.428175
1.444628
2.430063
3.316752
2.209634
1.955548
1.236201
1.640850
2.803060
3.361288
1.523181
2.019996
2.433703
2.742873
1.980708
3.289287
3.819564
4.063139
4.591920
4.171498
3.764308
4.680188
4.218260
4.163870
5.097327
4.395143
4.504038
1.388764
1.050791
1.971130
1.764489
2.879286
3.908609
2.516058
2.578433
3.753437
1.869265
1.072333
1.562874
2.568387
3.658856
4.505969
5.236210
1.997567
1.622945
1.570028
1.792744
1.822765
2.856080
3.984036
5.566917
6.925555
8.123220
6.866634
8.611613
6.285138
6.056615
6.266981
7.171934
7.503702
8.001015
6.709582
3.475651
3.444269
3.943362
1.252112
1.718310
2.781244
2.293121
1.800069
2.291062
2.422009
3.731070
4.949779
5.794729
6.054691
7.531236
1.974747
1.021596
1.806667
1.611031
1.081328
2.750383
3.643838
3.263425
1.883397
1.476068
1.299088
1.294718
1.315484
1.730909
3.216019
3.782946
2.445895
1.998764
2.239288
3.101798
3.343267
4.499488
4.472550
4.647226
4.735584
5.003634
2.659253
1.656007
1.361062
3.090632
3.987034
3.932172
3.651181
4.561898
1.897543
1.322250
1.320686
2.409612
3.442789
2.854683
2.066073
2.201923
1.720438
1.241059
1.158956
2.045002
1.944992
1.730893
3.221858
1.310938
1.275515
1.396838
2.551230
3.369613
3.194071
3.067147
4.108812
1.753125
1.186379
1.716789
1.108381
1.809220
1.422710
1.625252
2.965778
3.817289
2.131515
3.330141
1.476884
3.016057
1.670631
1.038494
1.147661
1.761556
1.315819
1.430386
1.157416
1.713509
1.555037
2.366951
3.169585
1.400490
1.557391
1.821692
1.888286
2.808052
1.614449
1.905133
3.434755
3.683872
1.379707
2.087650
2.679674
1.785709
2.800574
3.503233
4.315429
6.097442
5.023671
5.830165
7.103529
8.032221
7.558203
2.336482
1.337387
1.305013
1.589286
2.972148
2.810861
2.639472
3.697459
4.963444
6.582696
6.943703
8.007742
5.570042
6.681159
7.133492
8.186622
6.936898
7.678532
8.368853
8.575227
5.154552
3.965082
4.272651
1.753922
2.662641
1.761034
2.369924
3.164455
1.081869
2.662387
2.091235
1.692768
2.194747
1.061308
2.098004
1.933776
2.179439
1.976062
3.218308
1.942202
1.916206
1.655421
1.436550
1.705565
1.763202
1.436144
2.506636
3.522142
3.347622
3.824596
2.813677
2.589520
2.525746
1.194189
1.956774
2.705935
3.058260
2.922697
1.409768
1.893751
1.260276
2.264739
3.433761
1.300882
2.859991
3.141208
1.210397
1.954423
1.974575
2.553584
2.821650
1.899940
2.300390
3.488755
5.332948
6.240661
6.866764
6.369854
6.216284
6.903198
1.058567
1.104251
2.239934
3.468055
4.505234
5.591998
5.721586
6.158924
2.355174
3.847281
4.922548
1.070653
1.505077
2.063010
3.345259
5.191765
6.510431
7.428881
5.504902
4.597132
4.948924
4.922339
5.711498
6.048631
5.261798
4.890021
5.191132
5.842290
5.777161
6.986493
7.498547
7.113591
6.149274
6.632080
3.595277
1.669208
1.332480
1.388901
1.614786
1.818731
1.967657
2.047426
3.538335
2.248160
2.625063
4.033840
3.929775
3.731490
3.776854
3.553973
5.217406
5.260689
6.517332
5.359288
5.418977
1.020851
2.010733
2.771984
1.945150
3.089707
1.653908
1.816903
3.434474
4.869087
5.658152
7.102474
7.173416
6.593795
3.940789
1.712959
1.702186
2.584288
3.008544
1.664913
2.274720
2.339804
2.256599
3.245105
4.279466
5.688167
1.130892
2.084371
3.271516
2.221482
2.359904
3.862095
4.896611
4.085777
4.237106
2.632070
1.406915
1.216146
2.582916
3.166765
1.829918
2.487576
3.467552
3.282001
3.257919
3.712944
4.150637
1.659502
2.397055
3.884929
3.709781
4.333612
6.153202
7.224705
8.391842
7.669005
7.749207
8.855162
3.769690
3.571463
2.821553
3.702637
4.829345
5.477433
6.779525
5.250548
4.505410
2.313430
1.518970
1.196346
1.796543
1.945009
1.589390
1.374171
1.625072
1.837987
1.973240
1.425305
2.115169
3.062208
3.854360
5.007328
1.444048
2.830584
2.478292
1.749911
1.957990
2.124281
2.647019
1.595019
1.142410
1.268476
1.592462
2.623365
1.092324
1.566090
1.707828
1.575820
1.419951
2.561899
4.247492
4.325374
4.398576
4.916839
4.973275
4.345270
4.816857
3.699316
5.143860
4.047671
3.804523
4.854507
4.707528
1.109018
2.219808
3.660758
1.354901
1.416555
1.519177
1.517727
2.619138
3.209066
1.102350
1.532371
1.071446
2.042736
2.055581
2.221909
1.355484
1.558886
1.975439
3.189720
4.622117
4.630458
2.777012
1.966232
1.777439
1.743627
2.908415
3.405932
1.424954
2.328484
2.273558
1.570487
1.985410
1.719691
1.181100
1.872807
2.426283
3.488823
3.479349
4.627519
5.986097
6.987554
6.149017
7.030675
8.011115
7.820015
8.873916
8.682507
7.430461
8.595226
8.335775
2.226130
1.266132
1.742988
1.794879
1.610012
2.791978
3.095113
3.746390
1.524889
2.792112
3.649469
3.666007
4.891295
4.065440
5.020888
5.950921
7.323853
5.289513
5.963816
6.722403
4.821984
5.117229
6.120165
5.722329
6.642162
7.547748
6.016901
6.615779
5.920233
5.463074
3.666473
2.684539
3.761814
2.988737
2.537529
3.135292
1.194818
1.846571
1.551422
2.624377
1.604437
1.829170
1.010407
1.332845
1.782585
2.730737
4.018050
5.694710
5.096571
6.502474
7.049057
7.908767
8.466049
3.684785
2.706633
1.821446
1.035153
2.090269
2.615501
2.595015
3.033793
4.319791
2.539443
4.367850
2.395822
2.393500
1.350481
1.052120
1.886325
2.418777
3.262557
1.812004
2.184409
1.609606
1.993334
2.287057
1.451112
1.629421
3.292788
1.158440
1.057374
1.508946
2.681005
1.341748
1.733227
1.546839
1.462895
1.428039
3.304398
1.301904
1.666825
2.127875
2.330613
1.080122
1.589073
1.125736
1.401268
2.758035
3.853782
5.375179
6.439453
2.720637
3.490838
1.442238
2.019482
2.189747
2.594338
3.125143
3.264584
4.839733
5.428066
2.364746
2.985209
1.526921
2.373730
2.930403
3.950462
1.380979
2.178691
1.955971
3.120336
2.694814
1.307585
1.306722
1.810828
1.270288
1.786534
2.873813
4.498066
4.116797
3.160808
4.344192
5.297026
2.593987
1.252548
1.999333
2.075609
3.767908
4.104834
5.690991
5.898161
7.012851
7.710108
8.379241
7.129735
5.388982
3.623097
2.041240
3.119053
3.971876
4.258695
3.254712
3.150679
1.035474
1.381483
1.573533
2.112776
1.690576
3.220627
1.767718
3.187016
3.837579
4.668773
4.994240
5.952682
2.933237
1.743492
1.286725
1.478790
2.756738
3.040863
2.588548
4.194653
3.777285
3.914257
5.230730
5.638352
3.365133
5.277976
2.784267
4.138028
4.502838
5.358528
1.165384
1.558851
1.227918
2.305941
3.110937
3.857180
2.953859
1.487532
1.947656
2.262585
1.009252
1.613526
1.521188
1.279884
1.333575
1.675585
2.578807
2.798550
3.902961
4.634865
3.195994
1.307408
1.915553
3.408886
3.513932
5.131198
3.135669
1.206812
1.010049
1.061114
1.039118
2.032496
3.299793
3.995989
5.620863
6.700523
3.614686
3.078922
1.903902
1.438917
1.911949
2.034719
1.533304
1.781043
1.747375
2.851330
3.812370
4.604105
4.914108
6.210984
1.433865
1.137127
1.270902
2.050684
1.777057
3.408002
4.685820
5.050710
6.615065
2.838359
3.247837
4.328188
6.023242
2.151965
2.363872
2.629221
1.456424
2.285390
2.885910
1.596703
1.932791
2.838795
1.048165
1.971504
2.260971
1.897514
1.460923
1.981424
1.255430
2.458680
1.027487
1.812479
2.859820
4.526114
5.602210
3.523006
4.417308
5.163411
3.868977
2.773903
3.680554
2.447144
3.076101
2.721860
1.569384
3.107940
3.547952
5.147648
5.752298
3.627670
3.657862
3.766497
4.625638
5.373117
1.368754
1.372604
1.813020
1.155481
1.355837
2.014504
1.810906
3.728545
3.952330
4.996623
6.597490
7.463872
7.923997
9.301793
7.818532
9.135266
9.613846
9.032221
9.138865
8.992540
9.948639
8.021833
9.727895
6.966676
8.178994
9.737835
9.435065
9.914143
9.893239
8.453006
9.916546
8.553435
8.819916
8.463565
8.659167
8.952081
2.933316
1.845426
2.605615
3.511638
1.142749
1.642056
2.838688
1.411771
2.259997
2.549827
1.238630
2.758552
3.443668
4.497274
4.723257
4.745345
4.145613
5.388327
6.654766
6.591791
7.369514
6.668284
7.351469
8.293384
7.589945
7.858446
9.174491
10.458887
9.585596
11.092035
12.056777
12.870870
7.968179
8.948588
10.173759
10.864410
11.078830
11.484001
12.187055
12.562854
11.381995
10.708329
10.364768
10.291441
4.906344
6.565045
4.672809
4.888597
2.948456
2.664901
2.022740
1.354069
1.905745
2.184039
1.205012
1.124577
2.201065
2.402986
2.365295
3.046108
2.423743
2.072395
3.292226
3.097658
4.442808
4.847832
4.124480
4.529735
5.376270
5.330134
7.117348
8.838970
9.041758
9.134631
10.299777
1.849621
1.782428
1.600286
2.650351
2.116396
2.918964
3.120402
1.844809
2.260330
1.570912
2.778390
1.490324
1.432710
1.329262
1.895477
2.249539
3.729834
4.598575
5.766697
1.608604
1.663336
2.442867
1.985984
1.609762
1.807913
1.753639
3.057946
3.400270
4.069710
3.986372
4.640593
6.345186
7.523285
8.383268
8.735792
9.345840
10.269941
5.584179
7.180611
8.539891
9.953144
11.538323
12.766935
10.663186
12.169354
12.390866
13.669223
13.729162
14.627229
11.686024
13.331080
12.249961
12.808585
10.139961
11.135689
12.127322
11.425379
12.777492
13.753941
8.371995
9.640181
9.211901
9.840866
10.910814
11.835424
9.564764
5.294278
6.048297
6.141962
6.667492
8.070675
5.701256
4.252751
3.265197
4.761967
2.312303
3.011519
2.741203
4.327294
2.399855
1.960410
1.971443
1.534595
2.709776
2.279666
2.149427
2.579169
3.813796
5.174508
5.462567
4.138338
4.182185
2.673623
4.165909
2.252998
3.313869
2.925270
1.811639
1.773827
1.407475
2.276276
2.243684
1.244923
2.371722
1.888347
1.390319
1.085648
1.312104
1.572045
2.128283
2.897441
3.686712
1.406474
1.917919
3.300843
4.547416
6.366823
7.579297
4.110642
3.358757
1.898993
1.737904
2.329363
1.625424
1.885765
2.665988
1.193740
1.296022
2.292244
2.768054
4.013513
5.722227
6.220309
1.179107
2.398131
1.505097
1.533856
1.751920
3.492606
3.357637
4.979859
4.586911
4.419987
3.851348
2.167854
1.815156
2.436488
3.453446
4.261570
4.655658
2.677452
3.719760
2.591554
1.067597
2.604320
3.326162
1.847053
1.295815
1.806149
1.751994
1.490199
2.477437
2.676997
4.295747
5.036156
5.280221
6.101131
7.950753
7.431243
6.370467
7.568598
4.993002
4.735203
1.365709
1.152377
1.868937
1.524343
1.541534
1.382200
1.190004
1.686639
3.402209
2.346998
1.907865
1.534238
2.201767
2.779819
1.755240
1.443145
2.034771
2.605136
3.308800
1.930835
3.054897
1.616973
2.240547
2.508457
2.986464
4.193535
2.060607
3.617101
1.272463
2.126952
2.926206
2.873745
4.749472
4.255743
1.933301
1.389739
1.948196
2.555818
3.372244
3.304376
1.646629
2.109252
2.331818
1.490688
1.126568
1.550683
2.466521
2.433015
2.930920
4.200151
5.453558
5.959510
6.385639
5.719063
5.841006
5.057324
1.103059
1.989254
1.442843
1.458208
1.180376
2.363676
1.809844
2.053371
2.957485
2.000569
3.192701
2.404407
2.757792
1.165617
2.039854
3.018546
1.552161
1.347806
3.140362
4.316880
3.247298
1.895978
3.371029
1.571190
1.914955
2.906606
1.884722
1.431101
1.684560
1.681314
3.470471
3.123339
3.046415
1.399953
2.215612
1.014333
1.912422
3.399569
1.062245
1.612961
1.263611
1.785852
3.298871
3.974375
1.245912
1.425174
1.578175
1.067946
1.824358
1.598723
2.478139
2.814087
1.760075
1.488798
1.853862
2.167622
1.305001
1.720201
2.566924
1.552455
1.550625
2.462426
2.892061
3.229701
2.719330
3.681432
4.337579
5.604157
4.674861
3.581846
2.452551
1.423105
1.701692
3.035660
3.109516
3.892735
4.927905
5.497345
5.392819
6.121293
4.544863
4.017905
5.468061
5.887442
7.407153
7.097568
6.373109
7.137600
7.960795
8.137513
9.089595
8.702502
8.984730
10.038634
6.266028
7.660518
6.743924
8.280133
7.858363
9.351621
8.832663
3.099438
4.140083
4.270915
3.893731
4.332253
1.987408
2.926799
1.395819
1.556299
1.090477
1.615133
2.852108
1.757824
1.944326
1.538195
2.700032
3.078227
3.828007
4.657652
4.103997
2.771865
1.088469
1.487824
1.730284
1.553267
2.272332
3.089560
3.747786
4.374433
3.145941
4.041854
1.403790
1.346442
1.693912
2.376797
3.673841
3.096594
4.600524
4.962200
3.607879
4.343798
4.089106
1.805133
2.684897
1.970030
2.299481
3.062203
1.396164
1.246054
1.258804
1.718201
1.280252
1.761001
2.194068
1.512761
1.468916
1.035092
1.906688
1.723322
2.545173
1.249058
1.280670
1.226735
2.106102
1.842350
1.533126
1.170312
1.981455
1.867517
1.919289
3.324054
4.643423
5.058269
4.913051
2.317908
3.670975
4.112580
4.469311
6.385263
4.878355
5.750862
7.469010
5.326949
5.697768
6.372958
7.005301
8.322244
7.938951
7.512706
8.163252
7.585109
7.087297
2.492195
3.214332
4.321816
2.616128
2.642282
1.325619
1.959207
1.902460
1.661224
3.513352
3.888881
5.019664
5.777282
1.585567
2.600233
1.983230
1.610659
1.487078
3.228401
1.781758
1.260763
1.743766
2.690269
1.727025
1.239724
1.981294
1.677772
2.442100
2.314603
3.144322
1.996881
3.141097
2.935009
3.845546
3.199046
4.666204
5.569996
5.495491
5.405182
4.201331
1.913967
1.880660
1.792722
3.078367
3.873517
3.684343
3.600970
2.229143
2.236282
3.779013
4.879125
6.182161
1.959470
2.551066
2.707265
4.151587
1.156010
1.777372
3.263610
1.426754
2.554754
2.387645
3.712244
4.437992
5.678173
2.224917
3.292692
3.376862
3.367190
3.360358
3.570633
4.315961
2.317720
3.768344
4.788030
5.664778
5.471312
1.919433
1.952680
3.575480
2.801852
3.849777
4.531801
5.844481
5.740746
6.988208
8.035757
9.140744
8.270326
9.815235
10.684824
11.759251
12.554421
11.677180
10.481082
10.691325
11.034337
9.710181
9.472104
1.120214
1.855970
1.526604
2.440278
3.730016
4.988930
1.506998
1.293691
1.746398
1.367987
1.564613
1.034523
1.461308
1.783178
2.356060
1.767558
1.112211
2.201879
2.981854
1.784441
3.437213
2.099972
2.038759
2.863056
1.120560
1.570810
1.591144
1.113125
1.653041
1.942531
3.464535
3.311792
4.366746
4.514265
4.547165
5.979255
7.450449
8.453658
9.029421
8.258430
9.198317
8.437999
7.533508
7.686213
5.632603
6.890097
5.928894
6.558295
5.875155
6.186206
6.883004
6.623390
7.562604
8.976023
6.030840
6.161037
7.351777
6.087501
7.074489
6.413380
1.041874
1.310076
1.687782
1.930795
1.427806
1.615714
2.422996
2.452346
4.307197
5.649036
1.241122
1.206492
1.755805
2.445657
3.646115
1.761686
1.846566
1.386159
1.976100
1.316360
2.011132
3.591774
3.103700
2.607499
2.467468
3.406502
2.096641
1.256183
1.206780
1.483392
1.827233
2.542080
2.916656
3.640455
3.331358
3.733159
4.531185
5.212837
5.357662
5.317315
3.725610
3.462705
4.438846
4.116082
4.939464
5.644599
6.915979
5.521857
5.921739
3.557817
1.071538
1.204051
2.275179
3.706438
1.322312
2.269334
3.496489
4.231524
4.659598
5.195465
1.615876
1.139812
1.877445
1.152998
2.467617
1.991283
1.638444
1.336224
1.863405
3.156573
4.226241
4.200155
5.519282
6.013481
6.841045
4.426628
5.985647
7.059291
2.364119
2.711647
1.382946
1.942896
3.267071
4.713293
6.168081
5.243524
5.931766
6.567476
6.389732
5.056451
5.715269
3.915625
5.090647
6.786058
5.270943
5.431567
5.650082
6.853800
8.290297
7.801582
8.991523
6.539271
7.728019
8.450512
4.133817
3.344083
4.395633
5.136811
5.757770
6.429881
4.713418
3.566603
4.661303
5.018538
5.240339
4.711049
2.977656
4.575982
3.514430
3.810648
1.995166
3.296505
3.122022
4.024319
1.859681
1.656783
3.191636
4.074798
5.747208
4.771023
6.381686
7.057543
6.730731
5.336351
4.312116
5.048982
5.126055
3.821506
4.637651
3.689740
4.807800
6.172812
6.445862
4.068539
1.158040
1.757054
2.887745
3.266196
1.291313
2.292486
2.838731
3.941443
4.826941
5.669507
5.875489
4.625179
1.616518
2.237903
3.704844
2.830675
4.022593
1.984389
3.024024
4.440359
5.502756
1.856759
2.962054
4.055927
5.270944
5.010257
3.775374
4.688504
1.323900
1.991505
3.737495
3.791696
3.753086
2.377606
4.277590
3.464208
4.680815
4.631673
1.248227
1.149372
1.353203
2.561115
3.394588
4.022272
4.393192
4.185637
4.971505
6.665098
6.713221
7.218945
6.132840
3.936197
4.686463
1.829233
2.893336
1.561183
2.990749
1.322695
2.002807
3.392558
3.580263
1.824959
1.591417
2.836212
3.111802
2.591402
3.778462
1.154076
2.030127
3.009619
1.716678
2.447709
3.057809
3.326838
4.878596
5.304752
5.806327
6.021731
4.420148
1.042880
1.857720
2.399618
2.755740
3.679025
3.169497
3.802353
5.221701
5.265617
6.220352
1.742323
1.673504
1.709602
2.355738
2.033202
2.130487
1.426533
1.194664
1.626896
1.883523
2.025981
3.208027
2.974169
1.707051
1.111310
2.317874
1.859996
3.345204
4.754774
3.303949
1.857841
2.630873
3.534743
4.502061
1.930439
1.223486
1.884561
2.992575
3.661453
4.451973
5.328708
1.439990
1.760283
2.422250
3.926101
3.918297
1.239154
2.376535
3.155518
1.122974
2.068453
3.821371
4.433079
4.720082
6.292395
6.487310
6.641117
7.785827
6.630826
6.995168
7.174018
8.353326
7.605666
8.438188
8.201307
8.936501
4.225100
4.630570
2.041229
1.472795
1.413471
1.668014
1.708762
1.668088
1.295140
2.436989
1.704671
1.151250
1.004875
1.651469
2.353320
3.698625
3.625368
4.375600
4.273276
1.908985
1.620333
1.078077
2.319130
3.100438
4.054936
2.930246
1.478608
3.155158
1.450741
2.244827
1.206694
1.307284
1.903604
2.802930
2.791057
3.001541
4.258698
5.450054
6.522293
7.465514
8.474658
6.327376
7.410821
8.561437
8.904704
7.853795
9.466233
2.715739
3.404494
4.421118
5.664289
4.952013
5.296017
4.117467
4.830101
4.122080
5.400676
7.170057
5.667643
6.238247
5.455439
5.559689
7.062412
5.597260
6.496818
7.866188
8.176016
9.702678
11.390411
13.132304
11.389675
9.234764
6.935117
8.018106
8.316878
2.555016
3.384900
3.241005
4.511047
2.891493
1.278498
2.125019
1.177351
2.567288
3.020873
3.841383
1.550828
1.632330
2.182540
1.446552
1.512457
2.592618
2.491724
3.653536
4.275544
3.878982
4.263123
1.285559
1.152080
1.043811
2.515811
2.373475
2.987077
1.788113
3.546440
1.552078
1.836988
1.945263
1.349926
1.267007
1.689342
1.628575
1.711209
3.463148
1.415011
1.971889
1.033819
1.488919
2.960598
4.299939
4.737494
4.316472
1.861168
1.429169
1.438821
1.311532
2.396826
2.577560
4.243687
3.843054
1.056362
1.663424
1.657581
3.274510
1.989708
2.336330
1.432057
1.818163
1.549520
3.179152
4.121476
3.117153
1.739200
3.474718
1.440205
2.440084
3.244860
2.958109
2.569761
1.576751
2.795437
1.019580
1.988611
2.605471
2.708219
1.909954
1.396266
1.138804
2.245209
1.538448
1.415321
1.976450
3.098047
4.336350
5.884848
7.233085
7.981475
6.659532
6.069902
6.817537
5.956011
1.596936
2.805129
1.867169
2.344794
1.952238
2.958208
1.832238
3.781356
4.743076
4.979520
2.264236
3.436304
3.233937
1.871531
1.672331
2.199039
1.144038
2.188850
3.615271
1.951363
2.177273
3.019873
4.720805
5.246699
6.453673
2.249836
1.440063
1.331237
1.385556
2.401402
2.651974
3.419620
3.678434
2.858785
3.087253
4.991471
5.950840
5.891516
5.964567
5.800018
7.046273
7.576959
7.513246
6.066512
2.022770
1.833508
2.912114
1.313547
1.245465
1.847030
2.877987
4.225015
3.097119
3.427917
1.651686
2.748330
1.402549
2.824988
2.269472
1.459526
2.678090
3.989972
4.966455
4.922870
4.111922
5.779569
6.894060
8.146334
9.467140
7.912168
8.909661
9.913799
7.238913
8.572714
8.390350
8.639716
6.368218
8.016956
9.015767
9.798857
11.030547
11.026993
11.679324
12.945752
11.580885
10.605111
7.981490
8.934627
7.236450
5.853972
6.402478
4.070913
4.626327
3.892226
5.278709
3.373322
4.450830
4.805544
4.834669
2.041046
1.600407
1.236338
1.285014
1.892740
2.105049
1.052403
2.569993
3.238282
1.672293
1.904151
3.168348
2.707816
2.641477
1.046465
2.804944
3.655966
4.190642
5.831667
6.479817
7.332184
7.096512
8.487323
1.674892
1.710709
3.237487
1.046106
1.585805
1.385179
3.131279
4.049966
1.386611
1.102475
2.563612
1.695303
1.985876
2.543399
3.297788
3.361196
2.640280
1.603569
2.154097
2.608144
3.485153
4.173279
5.282271
6.591400
7.239884
7.209158
7.378802
7.762597
8.639377
9.993542
1.883944
3.444915
3.955547
4.842087
4.492426
4.929547
5.743589
5.037912
5.857137
3.831676
1.195530
1.431563
3.192868
1.537352
1.509745
2.048244
2.193894
1.745751
2.666097
2.033480
3.157540
1.287801
2.489634
1.883102
2.893969
3.296741
2.421550
2.506273
3.649165
2.864567
1.297986
1.930971
3.109546
2.626182
1.348809
1.339719
2.390202
1.560282
2.903260
4.203765
5.578156
7.085023
8.599378
9.813912
9.247572
8.533793
9.951220
10.928098
12.316259
12.595646
7.571985
8.265548
7.274379
7.830291
6.010345
7.539997
6.531985
6.197660
3.688202
2.261878
2.623892
1.927907
1.989144
1.977093
1.240646
1.226039
1.151360
1.285707
2.087795
1.085575
1.784147
2.880681
4.579437
2.137794
1.670545
2.804924
1.432365
1.670257
1.975000
1.221205
2.439709
2.998834
3.999656
4.997583
6.567810
6.374721
6.516019
1.339867
1.701510
3.030048
1.217170
1.030072
1.599910
2.842716
3.236553
4.843391
5.198340
6.048989
6.842049
7.978955
7.130783
7.570675
8.678036
9.851725
7.211825
8.411127
9.726407
8.450912
9.051523
9.771449
9.081041
6.794347
7.501604
6.944704
2.990793
1.755704
1.588144
1.311835
1.567930
1.553758
1.473786
1.106087
1.930125
1.073604
2.680527
1.862242
2.634010
1.724384
3.350917
2.628163
1.484737
1.761135
1.833235
1.585706
2.230926
1.812255
2.213213
1.281775
1.549030
1.228193
1.100800
2.423296
1.494259
1.352522
2.086997
2.398361
1.561007
1.391929
2.226235
1.984628
3.196865
1.497649
1.749245
1.304803
1.138823
1.143975
2.673360
1.582989
1.326572
1.948413
1.984778
1.652478
1.764346
2.559124
1.636951
3.139393
2.097937
2.792588
4.294437
5.872939
5.885469
4.811099
1.676865
1.991528
1.311017
1.108116
2.369500
3.600900
4.270092
3.146472
2.147773
3.421459
3.282425
3.795046
3.261210
3.801485
4.883117
4.027519
5.354491
5.692280
7.064144
5.517104
3.812179
4.613229
3.750787
3.990072
5.573133
6.464152
3.223657
1.697784
1.633166
2.161832
3.762445
4.487249
1.133405
2.678360
2.220367
2.919862
1.636503
1.638948
3.026117
3.336829
1.974096
2.308138
3.139285
1.555432
1.241955
1.402998
1.871326
1.546617
2.862557
2.006535
1.840327
1.424985
1.446401
2.454056
1.321685
1.312451
1.966349
3.526211
3.718090
5.249500
6.328537
5.263948
1.075832
1.509873
2.362012
2.499655
3.511315
1.437108
1.635616
2.058315
2.740804
2.725178
4.469574
5.043696
6.046262
4.867416
4.057881
1.789838
1.249109
1.719841
1.437922
1.918753
2.719955
4.109241
3.046085
3.827501
4.484381
4.766907
4.253746
1.880015
1.199016
2.302502
2.892776
3.504708
1.698531
1.835032
1.541272
2.828615
3.005720
4.404379
5.002384
5.886442
5.922607
5.341425
3.686662
4.783240
2.329206
1.126288
2.162215
2.313024
3.486598
2.333252
3.481034
3.255394
3.403433
4.562239
2.958761
1.390127
1.817500
1.562608
1.663116
1.281423
1.362887
1.928892
3.197946
1.399139
2.596624
1.705983
1.945464
1.399920
1.534721
2.741313
3.411011
3.293995
1.899036
1.374464
1.775247
3.537225
1.371277
2.822149
4.578389
6.359685
6.211221
5.897122
5.690175
5.973005
7.543094
4.241784
1.701677
1.669956
3.026162
4.377059
5.604643
3.560143
1.768157
2.162111
1.544356
1.526757
1.599622
2.600040
3.773466
2.098659
2.800242
3.076543
3.108801
1.399629
2.441095
2.891085
2.545137
2.480524
1.555530
3.502212
1.019455
1.091595
1.784265
1.449473
1.589873
2.748077
1.041641
1.574995
3.289035
4.021933
2.764494
3.092030
3.093593
1.397587
1.607628
3.012542
1.897664
1.143159
1.408749
2.241500
1.068540
1.511330
1.391229
1.442109
1.370651
1.684570
3.559509
4.388774
5.328101
1.514722
1.673773
1.191644
1.869889
1.388740
2.833166
4.655413
4.861730
5.969825
6.519583
2.922406
2.640637
4.357255
4.301923
3.892415
5.128623
5.900742
5.980771
7.704523
8.525582
9.329491
10.449255
11.941369
12.522789
14.264992
13.023221
12.274086
6.335852
7.179991
7.196630
8.060564
8.196696
4.558025
4.103475
5.909474
4.685677
5.077971
5.085590
6.527845
7.319872
5.941348
6.588681
6.776837
7.044027
7.100083
5.861188
5.645047
5.407767
3.499165
4.639462
5.298063
4.860924
1.899130
1.922290
2.517964
2.949369
1.731300
1.560495
1.666379
2.806904
4.647674
6.294099
7.941346
6.091963
5.772554
5.041500
6.391131
2.957840
3.372535
2.999073
3.564259
5.455009
2.343038
1.199567
1.469340
2.218702
2.464468
1.439168
1.099426
1.849727
2.901481
4.102015
4.900163
3.715739
3.042558
4.136789
4.059400
4.847530
4.359468
6.155212
1.469771
1.614043
1.955746
1.816432
3.500370
1.579730
1.140701
2.154240
2.222840
1.767629
1.791901
2.198064
2.516786
3.649191
5.112975
5.765120
6.526785
5.293305
4.672491
5.055752
5.139731
6.636677
7.256765
7.865736
7.666997
4.828386
4.972496
5.436343
3.370150
3.365647
3.501191
4.190837
2.970328
3.415628
3.938782
5.220343
6.343719
6.783240
7.748929
7.906346
7.062924
7.501962
7.005058
7.546883
7.160232
7.650242
8.677419
3.177175
1.744015
1.347759
1.664538
1.915241
1.591398
1.353440
3.115378
1.301051
1.045624
1.744734
2.358548
2.661789
1.797078
2.909698
2.289130
1.247160
1.660176
2.978051
3.123560
1.336377
1.243564
1.056243
1.893810
1.730358
1.393696
1.825191
1.282738
1.051114
1.338592
1.154449
1.407774
2.130686
1.276199
1.412790
2.511902
1.681217
1.864759
2.846264
3.183335
2.975025
2.265484
3.682259
2.786352
1.835722
1.640149
2.411748
3.008386
3.374406
4.920375
5.772616
7.019603
5.311691
4.515019
5.888802
5.526538
3.923838
3.341357
1.414625
1.372700
1.614035
2.392908
2.691938
3.747169
3.382899
4.209539
3.691681
5.344483
5.687511
5.540795
6.796218
2.708873
3.371654
3.555317
2.374078
4.241154
5.241128
6.646686
7.620897
8.019389
6.985200
7.931630
7.524393
8.998725
10.396709
11.964448
13.746682
14.889995
14.977585
15.824809
16.203409
17.546544
18.477295
18.876209
19.458337
17.275143
18.533985
19.281730
20.238921
19.664327
20.848612
22.499431
23.802139
24.564435
24.285344
22.661900
23.304348
24.333768
21.453679
21.361148
20.584490
21.679052
21.576736
22.155234
22.138061
19.141486
17.924473
19.338150
21.250890
21.951995
22.770685
23.418678
23.532311
23.667805
24.312616
22.061943
20.068909
18.294027
18.573179
18.790087
15.477621
15.042049
13.295799
15.007848
16.327894
14.538340
14.793236
13.193714
5.914069
3.883216
4.479595
5.760702
7.498129
8.558951
6.618594
7.888550
7.951558
9.783487
5.956713
6.461264
5.494314
6.656350
4.981263
4.574570
6.103263
5.015723
5.782726
3.623392
1.213841
1.645876
3.287569
1.699025
1.647703
2.304424
2.916851
1.993206
1.036357
1.969057
1.367946
1.113095
1.188963
1.438988
2.515345
4.177612
5.056813
5.360751
1.760128
2.123429
1.446112
1.248262
3.059542
3.701970
1.742841
3.481712
2.658362
3.497078
1.920845
2.600257
2.478478
1.360479
1.694226
3.104346
1.305443
1.384967
1.942036
1.039269
1.574504
2.997968
3.827356
2.489961
4.015419
2.257211
2.814733
1.275585
2.342247
1.105092
1.892191
2.646348
3.560880
1.792272
1.759397
1.867668
1.196116
1.702715
2.771384
1.148285
2.910786
4.715171
2.048759
3.061168
4.133795
5.790468
4.800681
5.192239
3.715951
4.353959
2.230221
3.128971
4.032492
4.379789
4.462112
4.804090
5.591209
3.871417
1.864884
3.182634
4.706707
1.156069
1.718481
3.052279
4.954967
5.784779
5.824770
5.878277
5.768237
3.466148
3.580344
4.989448
5.184520
1.406128
1.188985
1.502914
1.983113
1.993870
2.644734
1.310271
1.964574
2.497175
1.979141
1.668840
1.772418
1.370359
1.678648
2.897708
3.281496
4.271865
4.774978
4.106553
3.550802
4.581014
2.480647
1.435337
1.143214
1.067529
2.047442
2.223966
2.092703
3.122128
4.390866
4.573782
5.742976
3.099779
1.978313
1.149607
2.776103
1.772535
3.677594
3.346596
3.232106
4.003760
3.981403
4.070971
3.583099
3.128829
3.095291
1.574408
1.238482
1.765384
1.846980
1.586588
1.175220
1.045730
1.422958
2.853335
3.806866
4.278062
5.386167
5.170156
6.074860
7.711534
9.229679
9.460328
4.677084
5.703021
2.631117
4.365397
2.084188
1.877363
2.659873
3.115734
2.351205
1.995154
2.965062
3.153724
2.433623
1.116286
1.231607
1.914916
3.038117
4.357436
4.619042
5.952873
6.782559
7.294718
7.391863
8.875981
8.650803
9.797015
9.132439
10.278248
9.875882
10.927244
11.517959
11.804608
12.271262
13.066406
11.917845
10.701402
12.411018
13.238579
14.093861
14.324918
14.016225
14.998993
14.712264
16.347846
13.561491
9.350725
9.797559
9.347940
4.566329
5.620710
6.307341
7.352988
8.424419
6.071976
7.456721
8.157616
7.922741
1.176957
2.125806
1.663066
2.780219
2.199166
1.620476
2.126281
3.203002
1.410565
2.089694
1.793593
1.416372
1.686604
1.137763
2.977203
2.068045
2.235332
3.004645
2.574013
2.942929
2.052784
1.565178
2.566719
3.076084
1.715517
1.942107
3.266784
3.870634
4.904988
4.969835
4.559318
5.752310
4.355763
5.083185
5.724005
6.501664
5.683009
3.924186
4.953845
4.779284
4.969667
4.122736
3.562030
2.891107
3.833431
3.617362
5.519790
7.239844
5.912821
4.788293
1.649945
2.008987
2.221679
1.285712
2.756562
1.624385
2.670543
3.159521
3.081220
3.621981
4.298186
5.599386
5.932402
5.030417
1.572193
1.352300
3.144250
1.992279
1.306290
3.017346
4.546405
6.049933
1.058389
1.154658
1.485554
1.258881
2.392721
1.304365
1.010553
1.383207
2.551003
2.479216
1.556771
3.388013
3.493977
2.847745
3.231716
3.066540
3.973705
4.786259
6.291936
7.334814
7.586850
6.853756
7.076900
6.648361
6.973422
7.202718
1.203457
1.141319
2.666312
1.349244
1.972087
3.409592
1.476750
1.177363
2.415129
1.359108
2.848348
2.575412
3.571069
5.046447
1.215097
2.272525
3.167531
3.913796
4.284903
1.210976
1.452036
1.235029
1.860027
2.384743
1.868461
1.935684
1.594758
2.892402
3.798966
4.591522
5.698249
7.659717
7.702762
8.035948
7.644650
8.499283
9.627210
10.724243
10.738863
11.931406
13.278772
7.671994
5.424840
4.908981
6.455606
8.188600
7.501267
8.898316
8.145263
5.842115
2.103439
3.597158
5.456385
5.780832
2.146416
2.723587
1.156226
2.028050
1.677830
2.989037
2.752895
2.681273
3.784911
4.123832
3.062351
4.508328
4.687920
5.285175
5.880583
5.281339
5.546816
3.853128
3.622533
4.962323
4.859702
5.673147
5.545249
6.896360
7.942528
9.743050
8.265703
8.647043
6.822068
6.869335
5.458870
5.301708
6.529588
5.564926
6.864399
4.743623
6.105827
6.688638
1.466279
1.742248
1.041766
1.101826
1.244153
1.525380
3.113965
4.550922
4.887841
5.387127
6.173463
8.039441
7.953292
7.956426
7.235906
2.813913
2.371572
4.132143
4.551824
1.724512
3.556166
1.426536
2.751114
3.825903
4.746162
6.228952
7.331431
8.097181
9.050216
8.645841
9.700492
10.303510
7.996982
6.074399
6.087777
6.027415
5.827574
6.623916
5.944725
5.990416
5.508716
4.667555
5.560315
5.610390
5.388876
5.479551
5.273044
5.883037
4.870040
4.773511
4.986141
5.504516
6.260580
6.400379
6.999522
7.659882
8.253204
9.359701
9.188948
9.929825
11.153190
10.293030
8.464787
7.427786
7.306189
7.052691
4.038548
5.169877
6.100044
6.706276
4.048916
4.920567
5.670671
1.115041
2.200677
1.578018
2.769469
4.115534
1.143069
1.340604
1.724874
1.374711
1.687250
2.520953
3.883366
4.312380
2.179174
2.856677
2.169223
3.345626
1.575016
1.892801
2.527094
1.214636
1.670258
1.041310
1.423159
2.465230
3.024717
1.821663
1.144706
2.104008
2.937983
3.652384
4.934591
5.840827
5.976815
7.152526
8.244821
2.798251
2.773582
2.271627
2.828012
1.584611
1.628532
2.827599
1.391642
1.965155
3.100675
2.408726
3.860667
1.872325
1.004989
1.841756
1.404106
2.097606
3.724496
5.026414
1.398807
1.240987
1.705941
1.456741
1.360469
1.189731
1.520075
3.028926
3.306578
4.417929
2.839931
3.394836
1.970673
1.351818
1.610595
1.093599
1.806332
2.331488
3.103840
3.238475
1.228558
2.922601
1.595720
1.179925
1.962415
1.637493
2.908563
2.530260
4.178396
2.343939
3.776281
3.132424
2.982987
4.454330
4.653960
4.172408
3.696270
1.084623
1.858240
2.159749
2.716444
1.875744
2.623902
1.957336
2.381428
1.841891
1.928529
1.038301
2.663278
1.931184
1.565231
2.540200
1.317199
2.578773
3.759586
4.023481
4.279840
4.910165
3.941695
3.125205
3.859343
3.216703
3.695045
3.565922
4.316378
3.295330
3.271290
2.122147
1.769207
2.917383
2.330873
2.300565
2.888369
3.647955
1.963608
2.875753
4.436808
4.258830
4.997229
4.775685
5.946239
6.109007
3.689938
1.638628
2.809077
4.434533
4.351333
3.158573
4.089132
3.867901
3.579544
4.308086
5.043905
3.921716
1.598227
1.442444
1.167834
1.528716
1.665076
3.267596
4.703453
1.882732
2.629422
3.198992
3.331066
3.146438
4.283214
4.372391
5.200462
3.686695
4.576330
5.119795
1.426275
2.973629
2.139788
2.346915
3.404200
4.346227
3.238733
3.157573
4.260437
3.866478
3.968954
3.407558
3.950073
3.631627
3.556730
1.051216
2.000794
3.546875
3.548138
2.036632
1.905359
1.561875
1.258726
1.946741
2.579668
1.079875
1.686000
2.423976
1.766584
2.345094
1.069276
1.012352
1.260498
1.582600
1.256548
1.817501
3.293202
3.735596
2.670057
1.151061
2.841659
1.431730
1.031751
1.665260
2.423443
1.826402
2.169682
1.798154
1.792699
3.108919
1.311202
1.021202
1.431508
2.597678
2.195205
1.009598
1.312834
1.828306
2.073823
1.132281
2.373935
3.210126
3.664164
3.015114
2.421953
3.805761
4.737338
1.801097
2.961683
3.891792
3.700135
4.818068
1.532193
2.186986
1.553816
1.952902
1.510814
2.988083
3.649727
1.535915
2.313883
2.761849
3.674420
3.409695
4.045855
5.651419
6.690747
7.657953
8.515629
1.984550
2.003135
1.055238
1.382513
1.429629
1.836068
2.350505
1.453596
2.853082
1.990260
1.799282
1.890266
1.393458
2.441741
3.576593
5.190506
6.126286
3.188536
4.520339
2.830427
1.194133
1.992293
3.322097
3.953798
1.016979
1.587828
1.041808
1.134124
1.282978
2.695571
4.439350
4.771406
5.322288
1.318815
2.588010
1.272547
1.905503
1.823019
2.900179
3.202680
2.026053
2.141953
2.094535
3.380910
2.488840
3.238733
2.473660
1.736133
3.093240
4.739806
1.804258
2.485857
3.594111
1.636458
1.550458
2.858031
2.316494
3.896065
4.581195
5.853058
3.857501
5.355574
4.520919
5.163362
1.937892
3.017765
4.373827
1.734162
2.510988
1.890986
3.318625
4.940714
4.660874
3.841604
2.336785
3.856513
4.032692
4.168457
2.738197
3.717971
4.773614
5.180294
1.657417
1.161065
2.209910
1.014425
1.911924
3.050116
4.840485
4.564431
3.089463
4.179170
1.616339
1.307950
1.036623
1.823605
2.083184
1.032908
1.496429
1.621125
1.055894
1.465012
1.984240
1.784979
1.330713
1.903956
1.875977
2.126955
1.961320
2.529271
3.376075
1.967064
1.908438
1.541916
1.827437
1.222544
1.945111
1.702506
1.819346
1.006797
1.217024
1.435515
1.593583
2.982703
2.612363
3.179218
2.840665
2.346423
2.228704
1.709189
1.260536
1.321647
2.383702
1.770471
1.404515
1.360615
1.259896
1.588744
2.547840
3.203921
5.042881
4.839380
5.376598
1.733076
3.004831
2.351973
2.944614
3.228782
3.279909
3.292797
3.766090
1.271476
1.395168
1.176988
2.373368
1.171730
2.585760
3.682632
4.618704
1.712778
1.530778
1.200276
1.529092
1.817875
1.635476
2.321111
3.288237
4.653067
5.844543
6.018800
5.959147
3.555344
4.874630
3.894797
3.947777
2.430728
1.916388
3.865078
2.290977
3.711351
3.226840
3.098563
2.729918
1.005618
1.177461
1.338325
1.994755
1.887663
2.257076
1.137055
2.383390
3.710793
1.570791
1.956407
1.800084
2.198315
1.351521
1.254545
1.837325
1.133836
1.949860
1.189576
1.446731
1.482140
1.509586
1.530622
2.344756
1.424140
3.024234
3.897716
4.278663
5.135207
5.814006
6.483722
7.865735
8.397139
9.137229
6.812855
4.783310
4.584670
5.250999
5.682222
5.492852
5.779714
3.435440
1.940151
2.573836
1.495858
2.569834
4.506349
1.841820
1.512063
1.786291
2.463759
2.931623
1.514907
2.383801
4.169390
3.475910
5.061438
5.584970
1.021545
2.227514
3.150894
3.324168
1.476796
2.062017
2.911834
4.584013
5.859293
6.704957
7.940553
8.900867
9.232210
10.771096
10.655933
10.006723
7.899931
6.518226
7.662642
7.437077
3.266024
4.074216
4.976283
6.393818
7.682437
8.714254
1.709464
1.526963
1.033804
1.731413
1.791298
1.312418
2.883291
3.626753
4.619259
6.268587
7.120818
7.498729
8.437225
5.185813
6.579018
1.815928
1.660148
1.000341
2.086433
1.416578
1.640444
2.320390
3.352116
3.793557
4.559085
6.154934
7.374877
6.721610
6.094712
5.634164
3.683794
1.489680
1.339273
1.845625
2.776526
4.332989
4.941974
1.036780
1.397365
2.302499
3.627578
5.062555
4.362149
5.230646
3.965564
2.249299
2.019971
2.603522
2.436627
1.779203
2.899446
2.868611
3.928599
2.338504
2.648909
4.058972
4.102809
5.231723
2.348572
2.193155
2.549656
3.328908
4.125712
6.062360
6.876067
1.839393
1.890001
1.243232
1.031295
2.272756
1.417078
2.505934
2.280317
2.055666
1.660487
1.596494
1.353882
1.254342
1.328617
1.648895
1.801461
1.876918
1.921289
1.744285
1.189374
1.262842
1.650031
1.668799
2.348392
2.637686
1.841994
2.660034
1.993863
1.768226
1.059877
1.480309
1.314376
2.375205
1.662743
2.856198
3.638212
4.915769
5.959391
6.020669
7.417104
5.924419
6.576266
5.836903
4.495443
5.329089
5.656760
3.286654
1.501811
2.454204
2.594162
1.831689
1.441155
3.019536
4.583905
4.826280
4.132826
5.926481
4.997236
4.392655
4.093475
1.594222
2.862203
3.781823
1.653939
2.376884
3.466086
4.714676
4.494967
5.610614
6.156825
7.501300
7.670687
8.690860
9.408655
10.416339
8.190972
6.451040
6.355770
5.248085
1.111214
1.386891
1.592136
1.010707
1.832980
3.095349
4.117470
1.715887
1.595727
1.334003
2.643303
4.273412
3.266501
4.935990
4.348611
1.703534
2.485642
3.744259
2.882454
2.263029
3.505345
4.207388
3.364355
4.434372
4.552518
4.144872
1.936509
3.067284
3.155822
4.484760
4.975800
3.165446
3.345291
2.853693
2.765728
2.526151
3.757445
2.799376
1.643147
2.979231
3.721528
4.788728
4.828119
2.876026
1.217955
2.741651
2.838894
1.789681
3.380094
3.233911
1.179137
1.145930
1.162965
1.758152
3.359021
5.255361
5.683505
6.124287
6.594716
8.014056
7.401569
7.554864
6.648857
7.127745
2.230718
2.802410
2.367417
2.183787
1.956032
3.403229
4.092309
1.262739
1.666223
2.881770
3.254164
1.370956
1.930946
1.900241
2.720091
3.965801
1.504873
1.731342
2.094732
2.733847
2.115267
1.841421
1.780729
1.577691
2.264121
1.498017
2.629541
1.879838
1.655332
3.001127
3.891001
1.787025
1.479858
1.203380
1.914495
1.944756
1.297536
1.872361
1.510948
2.237259
3.455297
4.619356
6.370585
5.678917
5.993564
7.033203
8.093417
9.929415
4.520490
1.919356
2.754383
2.858170
2.026202
3.409965
4.272384
1.266443
1.452872
1.575541
1.962051
1.174316
1.426845
1.254746
1.857627
3.202184
3.787276
4.625453
4.874955
4.911550
5.724558
3.880748
5.067594
5.720611
5.655896
2.069432
1.658116
1.901323
3.361179
2.701179
1.607026
3.273647
3.079900
3.899097
4.861364
1.275379
2.485612
1.390118
1.174231
1.823399
2.148697
1.215326
2.968686
3.734914
3.097772
3.930953
2.086155
1.438695
1.037849
1.376970
2.397187
1.395924
1.657981
2.759204
1.808229
2.441961
3.867855
1.693698
2.948637
4.489696
4.569694
3.807501
2.045210
2.438956
1.792600
2.596968
1.743139
2.565303
2.982131
1.143886
2.605401
1.367083
1.806991
1.510100
2.534868
2.843741
3.974797
5.468285
4.172643
3.247558
3.556301
3.951330
4.776242
4.678403
6.513148
7.527345
7.468295
7.062875
6.345930
6.757888
3.597322
3.999461
4.034837
5.040920
1.828663
1.391395
1.021234
1.976304
2.279606
1.544737
1.994615
1.068452
1.257875
2.882066
1.417352
2.473119
1.362998
1.270773
2.421388
3.163333
1.306846
2.405729
1.690792
2.008741
1.340911
1.846347
1.261719
1.422191
1.565500
1.865812
2.775008
1.760294
1.930044
2.044915
1.715793
1.038977
1.470880
2.332780
1.535057
3.015822
1.833558
2.859809
1.045073
2.187465
3.200299
4.012742
2.077889
1.213261
1.330092
1.862660
1.679459
1.408431
1.390729
3.109795
3.733461
4.377691
5.267928
5.645179
6.269877
6.807528
1.478455
1.490980
1.110708
2.747899
3.070542
1.578572
2.628781
1.899786
3.148482
3.962434
4.879215
1.785241
1.378865
1.375797
1.428873
2.237455
3.496367
4.138749
5.285327
5.469033
3.661916
1.528623
1.153215
1.821777
1.964319
2.053412
2.659368
3.041273
2.252938
1.777587
2.081166
3.058418
4.561722
5.439746
6.312114
6.874519
7.885222
5.382141
6.745519
6.178917
6.972525
5.189445
4.601361
4.062553
4.272840
4.096986
2.864414
2.292531
3.940356
4.116789
4.430407
6.009700
2.095109
1.768905
1.796653
1.230898
1.662879
2.303309
2.468938
2.195583
3.388903
3.278976
1.461772
1.204335
1.434083
2.734514
3.176205
4.342219
4.001927
5.238829
1.770183
1.479571
2.796958
3.969330
4.183182
2.054600
1.279023
2.483223
3.027426
3.612304
3.530383
3.589663
3.666163
3.146328
2.776013
3.564643
1.941117
1.198954
2.837458
2.759569
3.744086
4.097252
1.906571
1.463296
2.436152
2.940332
4.154914
3.781119
3.024588
1.006695
1.156520
1.358681
1.879132
3.112225
4.491865
5.869681
6.473729
6.109326
6.137811
4.798018
5.979922
7.296795
5.746299
4.827135
5.628805
7.181527
7.873481
9.242146
9.557823
8.898353
6.361325
5.763165
4.329042
1.023593
1.835502
1.512680
1.599249
2.900622
3.856381
3.469766
4.508420
5.147569
4.341905
3.250972
4.464029
4.800158
4.909695
3.297514
3.513246
4.544910
1.732627
1.615083
2.460136
3.687581
1.379487
1.202260
1.272759
1.368412
2.047990
1.593853
1.875416
1.191455
1.737305
1.477441
1.882279
2.642530
2.305156
3.471561
1.077534
1.658345
2.821585
3.698175
2.354591
3.347151
1.997356
1.355691
1.567704
2.904624
3.426823
1.320966
1.366909
1.432341
2.272184
2.769352
1.760636
2.644839
3.445479
2.086908
2.951717
4.299990
4.333811
4.983220
5.408248
6.850245
7.717506
8.709967
10.133950
7.000563
7.711615
8.524816
8.223067
4.766538
5.690703
5.846980
5.386049
4.742740
6.688830
7.497701
9.003175
8.817094
9.566012
7.249966
6.278768
5.509426
6.704265
5.497314
6.880523
5.190998
6.411540
5.245273
5.332834
5.319352
2.200336
1.819251
2.456086
3.835496
5.466309
4.584860
5.738561
7.200416
8.419863
6.615323
5.221408
5.352144
3.318558
3.870464
3.128779
1.168254
2.511698
3.357439
4.128539
4.793708
5.107087
1.159327
2.522200
3.086756
2.323097
3.390578
3.131299
3.615820
2.006310
1.909946
1.018996
1.954177
1.084849
1.734773
2.948408
3.362164
4.399851
5.966909
4.857433
3.109892
4.486968
5.898996
6.168733
5.764293
5.128628
5.533550
6.514455
7.572706
8.481831
8.312196
8.190511
9.596083
11.199171
3.981591
5.708179
3.210484
1.679745
1.934516
3.196610
3.824914
4.907394
6.370212
5.493332
2.943961
3.691332
2.582766
1.679055
1.653612
3.150841
5.093517
1.877119
1.396189
1.458042
1.449815
1.525752
2.553017
1.230253
1.534265
1.494224
3.140381
1.672627
1.354562
1.376448
1.161722
1.491937
1.305046
2.012778
3.493908
3.281565
3.564496
2.452605
2.539752
1.327467
2.240559
1.993842
3.672951
4.916673
3.706835
4.348456
1.444757
1.993099
2.171931
2.508648
1.829973
1.640845
2.541735
3.841271
4.281471
5.573183
6.918703
8.616325
1.568941
2.456677
1.796445
1.743555
1.321227
1.966758
1.573945
1.057874
1.626557
1.588299
1.921058
1.387370
3.128295
1.344817
1.678677
1.399483
2.557819
3.835693
1.383507
1.282221
1.101549
1.891405
1.019356
1.337894
1.459978
1.596443
1.876949
1.188641
1.879626
1.905300
1.890838
2.793724
1.286348
2.564797
1.876737
2.832499
1.023100
1.824794
1.593178
1.975657
2.401535
3.197473
4.101722
2.755682
4.473086
5.210875
4.214167
3.736238
3.937633
4.693581
4.786541
6.080332
5.343674
5.745681
5.580449
3.123827
4.067566
3.803717
5.433967
1.555896
2.303506
1.807633
1.254942
1.300473
2.202958
3.030282
2.650259
2.261923
1.954394
2.829208
2.030689
3.583079
1.354600
2.765386
1.062830
2.839724
3.851048
3.726833
4.074779
2.740170
3.414658
1.890267
1.072963
2.068789
1.671736
1.385694
1.849668
3.135346
4.089138
5.076043
6.368077
6.856533
6.863838
7.797168
8.833712
5.951025
5.866486
6.768916
7.133497
5.950400
6.771138
6.697033
6.954397
8.242898
9.586187
6.771421
6.900292
6.237770
7.020455
8.240915
6.698040
8.044910
4.762008
3.606523
4.524870
4.620399
6.030525
6.559199
8.106743
8.056059
6.845825
7.943753
8.901038
10.006786
6.997915
8.158952
8.946646
9.238161
9.753221
7.816490
7.979275
9.039844
5.144090
6.203550
7.128216
6.480519
6.245341
3.605148
1.289589
1.772831
1.303389
2.592705
1.592911
1.398528
1.567983
1.774632
2.647427
1.575967
3.169970
4.368123
4.444895
5.366889
6.353277
7.569757
7.222354
6.899377
3.845190
1.340085
2.174338
1.840755
1.468629
1.183288
1.510228
1.866704
2.168616
2.835711
1.855680
1.524850
2.372307
2.269443
4.170785
4.947646
6.094339
5.150299
5.487650
5.452622
6.224825
6.741254
6.035011
6.878915
6.576316
7.299297
4.892555
5.438552
6.225634
7.186635
7.536796
5.298162
4.341567
3.861149
1.480992
2.899120
3.782179
3.567531
1.191159
1.452712
2.263887
1.727033
2.804636
3.645382
4.445873
1.031131
2.599161
1.690059
3.484338
1.160636
2.063751
1.520097
1.604954
1.730798
3.031532
2.615683
1.061282
2.077036
1.329563
1.323184
1.421855
2.715923
3.502410
3.558567
1.407824
1.053493
1.172500
1.743654
1.915310
3.627254
2.042102
2.494927
2.776957
1.656274
2.165095
1.212283
1.126943
1.953836
3.231867
1.233633
1.679574
1.710756
2.434938
3.266595
2.897126
4.005714
1.993046
1.333565
2.443343
3.403686
3.706061
3.507768
4.550413
4.931289
5.535357
4.981450
3.893560
1.745950
1.021203
1.478240
1.112962
1.799003
2.094299
2.538250
1.193342
1.792165
2.520057
3.679695
4.466299
1.270116
1.759078
1.469742
1.927674
3.597054
4.446368
5.195927
6.392877
5.151343
6.458517
7.497594
9.287014
10.019746
11.398230
9.597623
9.003978
9.975014
9.074098
8.284473
9.860638
10.692690
11.595970
11.945912
11.505819
11.310862
11.965499
12.184485
9.924756
9.566556
9.220800
10.589724
9.640865
10.864365
11.288471
11.821728
13.056758
10.588907
9.706819
5.726875
7.232760
7.512791
8.075400
9.810203
6.598968
7.233161
7.355224
7.935011
9.375573
8.577787
10.043807
10.249056
10.876346
11.184453
11.010703
8.781136
10.478120
9.259081
10.213242
10.050051
10.802631
11.206541
11.617260
8.838118
3.170179
2.208088
1.648247
1.628590
2.454383
4.121454
5.260517
6.761834
7.530605
8.169312
5.403111
1.395731
1.309160
1.464309
1.855272
1.089110
1.431804
1.631008
1.401146
1.739806
1.190532
2.187272
2.528832
4.052275
2.701276
3.891889
4.957758
4.236965
2.563324
3.874052
4.152167
2.398822
2.870490
1.284354
1.357414
1.253385
1.147652
1.312065
1.671131
2.030527
3.577948
1.412511
2.668122
2.516914
1.407301
3.175142
4.102016
4.503110
2.471880
1.608226
1.664463
2.296287
2.011479
1.118263
2.717093
2.360689
1.919820
1.630631
1.382532
1.294980
2.094948
1.948113
2.191334
1.247130
1.207831
2.163921
3.131463
3.908354
5.417762
6.963893
7.774700
6.114831
7.513031
5.925076
6.843122
7.207049
7.185370
4.846854
3.622488
2.399307
2.379795
1.009981
1.790619
3.494431
3.816785
3.334873
4.858693
5.103502
6.105863
6.315550
7.127401
8.339104
6.304684
5.743629
7.151148
6.953306
6.409143
5.038842
5.205137
1.519217
1.102549
1.124335
1.798404
3.463548
4.307966
1.262172
1.292436
2.139055
1.298914
2.010170
2.981407
3.724731
3.887199
3.530586
2.048450
1.063282
2.525606
2.588906
4.052682
3.398617
4.648993
2.377257
3.864898
2.823537
3.689657
4.871430
4.700077
5.969593
4.051249
5.065685
4.215400
5.286273
6.468396
3.452364
3.618123
3.560395
4.209032
4.083801
3.430867
2.878038
3.004290
3.940038
5.270227
5.646817
6.293918
6.909617
5.637116
6.866081
7.511576
7.928130
7.243761
5.241817
6.099284
4.981196
2.329621
3.010307
2.277479
1.178918
2.293126
2.267639
1.917881
1.051814
2.109241
1.608326
2.505924
4.245171
4.846408
5.475790
5.452084
5.601064
4.820306
3.916755
2.747544
1.509543
2.250230
1.631021
1.991957
3.055283
4.011478
3.822242
4.087870
2.816587
3.250799
2.541027
3.470573
4.705115
6.370950
6.069438
2.458092
1.366416
2.061034
2.946702
3.819664
1.055642
2.461128
3.800577
5.385575
5.924744
6.312746
5.192040
5.810746
1.169537
1.722032
2.515661
1.041460
1.386134
1.997579
2.772384
2.615913
1.750294
3.029609
4.222000
4.887736
4.119208
5.487176
6.574664
5.549753
6.915994
4.405574
3.530748
1.964463
2.411117
1.927948
1.380538
2.562420
3.928790
5.417286
3.425656
3.412206
1.152298
1.568745
3.221065
5.132051
6.804812
8.301640
8.599980
7.567430
4.931802
1.147545
1.159155
1.577392
1.307037
1.962718
2.894299
3.336960
1.929150
3.001035
4.015099
5.488308
3.314933
2.803940
1.526448
1.176173
2.182710
3.259282
4.614871
3.929295
5.466504
3.202733
1.003668
1.721724
1.746009
1.592706
2.372813
1.635764
3.515269
2.722095
2.904712
1.981557
1.257760
1.581793
2.453123
3.641893
4.935807
3.245838
2.513995
4.127031
4.426810
4.124216
3.981836
1.880806
2.428951
1.505746
1.876865
2.792244
1.997542
1.332075
2.267123
2.803957
3.818097
4.341669
5.556503
1.526642
1.530187
1.640395
1.510054
1.997360
3.148231
1.700029
1.328627
1.124851
1.338267
1.504613
1.180674
2.437503
3.659186
2.381252
3.606330
5.138697
6.033756
5.940327
6.290660
7.896580
7.797876
8.146952
8.347764
9.495941
11.015789
11.991594
5.243017
3.062507
1.992024
1.009960
1.788463
1.901120
1.949899
2.795842
1.261878
2.168187
2.752281
3.052709
1.252881
2.617097
3.678084
1.873595
1.290947
1.304151
1.674388
1.401923
1.761899
1.785171
2.103277
3.522907
3.833772
5.137560
6.308286
7.540520
8.289734
9.154708
10.794998
11.295394
8.966322
10.258656
8.845768
9.682527
10.407082
11.217270
11.399714
12.957519
12.535637
12.011914
12.071576
12.975800
12.576301
13.507452
14.204594
15.406637
14.950570
15.164863
15.671813
12.059908
11.238082
10.963362
9.749992
9.704441
9.728192
9.774360
8.334144
9.386963
9.409207
8.755057
10.629923
9.216048
10.474707
7.776025
6.785930
2.963418
1.500256
2.581312
1.755921
2.211477
1.060574
2.563966
2.638979
1.867545
1.257895
2.554208
1.443688
1.281107
2.163158
1.620134
1.517364
1.918114
2.098033
3.430876
3.584476
1.914400
3.184919
1.735650
2.967233
3.455945
3.529177
5.449741
2.986274
3.886710
5.407678
3.662130
4.942662
6.020794
5.681600
5.623424
2.331634
1.770975
1.733190
2.394159
1.081117
1.575173
2.295923
3.529129
4.817464
4.860191
5.614074
6.704308
7.361779
8.119278
4.602173
4.871132
5.536001
5.095308
5.742314
5.212363
6.499000
5.961159
5.649510
6.368624
7.455884
7.365403
8.810043
8.906618
10.749921
9.959451
11.136653
10.259592
12.113186
9.686442
11.493478
12.180850
12.085519
13.152355
13.410921
10.950644
7.715006
5.153089
6.528218
7.279118
7.002956
5.312026
1.269655
2.719360
1.522565
2.075518
1.409353
1.875643
1.167139
1.976800
1.129537
1.975181
2.531730
3.062311
4.095684
1.399377
2.586002
3.744303
4.233285
4.133981
4.386646
6.089190
2.262611
1.154949
2.160165
2.882895
1.069920
1.129503
1.251210
1.144874
1.195077
2.246795
1.119335
1.411243
1.113406
1.197953
1.390963
2.160878
1.815361
2.240651
2.833112
1.862266
1.498488
2.018578
2.498099
1.767376
1.018650
1.239989
1.486250
2.205098
2.593287
3.587635
4.616388
5.064280
5.243657
5.471652
1.073000
2.576128
2.996267
3.213339
1.888460
1.858819
1.034973
1.177983
1.438366
2.807418
3.519580
3.013426
1.081177
2.229055
2.068494
1.932370
1.330428
2.402726
1.835616
2.843448
1.630210
1.863489
3.109676
4.306724
3.732488
1.853938
2.158078
1.516916
1.048777
2.232959
1.968745
1.600900
1.055645
1.045560
1.214780
1.655974
2.181304
1.030963
1.628883
1.820928
1.995025
1.846316
2.614837
1.399956
1.297621
2.587376
1.409743
2.906483
2.091646
1.363889
2.161583
2.621405
1.605295
1.085599
1.925464
1.081693
1.469864
1.668336
1.562423
2.885108
3.715691
3.956261
2.206871
1.687132
1.944227
2.663665
1.261447
1.306697
2.199022
1.239072
1.267609
2.862445
1.102304
1.299053
1.587428
3.299635
2.584956
2.944276
4.015616
4.618551
1.454023
2.536140
1.469655
3.029818
1.501404
1.470870
1.827046
1.060739
2.473686
2.858490
4.122843
3.137940
2.885155
3.879696
4.283842
3.518169
3.338368
2.285937
2.595345
2.807334
1.491455
1.950265
2.331594
3.152835
3.992554
4.693458
5.225353
3.873422
5.125594
1.899434
1.685385
2.212050
3.647346
2.528754
2.095758
1.921364
1.873831
1.501294
1.947314
3.583440
3.396088
5.006609
5.886750
3.536632
3.498086
4.299024
3.729890
3.706945
3.628909
3.319135
2.057112
1.834089
3.115440
4.028914
4.383821
4.959834
5.038364
4.882773
5.079949
3.328609
3.989943
4.671492
1.443544
1.303349
1.964213
1.902550
2.179078
1.333419
2.532927
1.245828
1.807796
1.131121
2.006249
1.690154
2.855397
3.835360
4.344512
5.150680
4.400663
5.219273
5.714293
6.755063
7.944927
5.880940
5.046127
5.982219
7.100071
1.113627
1.894708
2.573895
1.645409
2.552622
3.485415
4.133780
2.756066
2.546351
2.877022
2.530132
3.223838
2.843535
1.542385
1.446063
1.889787
3.333872
1.786383
1.824740
1.183746
2.245745
1.609378
1.832750
2.864456
4.111323
4.367604
4.465142
2.110573
3.153485
3.316362
1.014151
1.103734
1.323400
2.955977
3.587776
5.415767
5.706451
6.279733
7.886396
7.882162
7.123859
3.774833
1.470401
1.550763
1.876414
1.369157
1.687098
1.353557
2.422941
4.045331
3.769917
5.204484
6.177684
3.494020
3.642494
2.409495
2.271095
1.597396
1.920955
1.699089
3.621022
2.257515
1.972357
1.895411
2.909227
3.540617
5.153943
4.101056
3.331718
1.833708
3.244778
4.619276
6.075676
6.966607
5.388683
4.764993
3.312248
2.151665
3.368983
5.045857
5.808203
7.340061
8.366439
9.264990
7.156809
7.916085
7.615069
8.597321
10.063698
11.244243
10.015073
8.490571
9.476038
10.202787
9.074127
10.546285
9.910567
2.458062
1.680634
3.504001
1.164768
1.528389
2.800488
3.451544
3.782923
4.739814
6.117284
6.477373
5.856182
5.586186
6.901370
8.780086
10.194034
11.199877
12.555131
13.752036
15.303230
13.836629
12.893305
11.657925
11.049963
10.573986
11.487615
11.777905
10.063793
10.809536
11.348101
10.479309
8.797409
10.014698
10.560563
10.332618
11.398925
13.313611
12.094147
13.374413
12.381996
13.252801
6.589126
6.758384
7.668649
9.137677
8.523983
8.836139
8.541455
10.016467
9.805668
6.928486
1.129103
1.917263
1.184392
1.778665
1.942126
2.683965
3.306685
3.241650
3.545870
4.263026
1.805362
1.622765
1.495487
1.648284
1.296810
1.316403
1.095813
1.007762
1.695190
2.558740
3.532843
4.618766
4.290465
5.439142
7.208391
3.602404
2.346457
1.531344
1.501955
3.006206
1.090941
1.801000
1.970085
2.153022
1.024218
1.038363
1.808524
1.737371
2.394429
3.362318
4.263345
3.119512
2.346835
1.860760
3.291331
3.790325
2.089850
1.895668
1.798859
2.904294
2.431956
1.777856
1.884307
1.737409
2.514146
2.113220
1.639590
1.635520
2.563753
1.461393
2.412381
3.570105
3.940624
4.202663
3.921341
5.146443
4.845047
5.668626
7.251547
8.531406
7.782013
5.701778
7.181619
8.041705
9.377525
4.965010
4.534011
4.190365
1.745624
1.994709
2.521455
3.311723
2.280211
1.715963
2.718610
3.916190
1.495466
1.653275
1.250416
1.841976
1.557408
3.031734
3.007055
3.961394
5.042207
4.604081
2.694706
3.714382
4.113858
4.981945
5.098127
6.048824
6.101424
7.865985
6.707223
7.250422
6.560804
7.408021
7.472152
8.986554
7.299150
8.486611
7.277685
7.595857
3.807476
4.180372
4.340056
5.793748
1.978965
3.046525
4.243727
1.802059
2.890635
1.173152
1.296881
1.275533
1.563881
3.302128
1.651184
1.359554
1.081599
1.900119
2.909805
1.275467
1.073563
2.931694
4.244879
2.953282
1.366382
1.616316
2.056966
2.738814
1.261340
1.666313
1.160482
2.293501
1.528523
2.161457
1.714085
1.616971
1.878930
2.502708
1.870723
1.653376
2.056261
3.305710
1.513776
2.305228
3.820946
4.659369
5.191843
5.044086
6.286282
7.275517
8.936136
9.927131
9.872400
8.216071
3.823340
1.019176
1.908304
1.722590
2.182813
1.979257
1.789457
1.767222
1.567731
3.498012
4.928396
2.938288
1.757360
2.415245
3.135230
4.119433
4.402475
2.507175
3.029777
3.322687
1.253291
1.591689
2.235097
4.020932
3.769079
5.084084
4.298127
1.938773
1.948419
1.008251
1.285357
2.502637
3.918869
4.574626
4.042714
4.786150
3.304311
3.123130
4.394293
1.722487
2.500306
3.617115
4.135061
2.683250
2.590918
1.601451
3.010457
3.499174
3.549655
1.510208
1.247748
1.033040
1.897471
2.620143
3.811009
4.912752
4.281079
1.187769
1.795131
1.752660
1.664712
1.427922
2.313522
3.132870
4.880687
6.035306
7.620505
7.648105
7.695128
7.292412
5.377762
6.569554
7.671138
7.320345
4.671760
3.348137
4.789158
3.465938
4.428942
3.800320
2.761232
1.641106
2.493298
2.979681
4.006959
4.801549
1.761977
1.388623
2.467777
1.926334
1.509915
2.405772
1.917489
1.892268
1.652944
2.608121
3.475207
1.220619
1.492225
2.349070
1.071198
1.776412
1.164673
1.935292
2.645008
1.396225
1.469605
1.387765
2.498890
2.477974
1.951929
3.265289
2.321320
3.607728
3.832608
4.304224
2.899972
3.486763
4.330471
3.890176
5.707984
6.007592
6.865683
7.069284
7.596474
5.690832
2.741821
3.213933
4.732559
4.806563
4.757645
2.505010
2.155737
4.053686
4.574737
4.151352
1.182621
1.288826
2.702803
3.600489
2.034662
1.961657
2.994445
1.688286
2.939152
4.225665
5.846159
6.478540
7.487227
6.204148
6.877182
8.188671
5.747201
5.685477
5.933270
3.820060
1.932123
1.771693
1.252398
2.505436
3.547635
2.477279
3.784022
5.126696
5.414427
6.138498
5.956377
6.551348
6.307134
5.916188
7.300665
5.780029
6.885780
6.519013
5.937476
6.682907
6.168107
6.857688
3.121782
1.592132
1.715278
2.465614
1.845094
1.556049
2.466430
1.501236
1.146563
1.748265
1.520042
3.279738
3.654354
5.036052
4.819217
6.509094
8.413486
8.045551
9.082086
6.834941
7.844624
8.754979
9.503387
10.504978
9.211429
9.959082
10.626842
8.874269
2.140334
1.147035
1.540286
1.127598
1.602665
1.277946
1.732765
1.312474
2.623458
4.236167
1.627396
1.475484
1.099034
1.475125
2.977684
4.196597
3.986763
2.058288
1.545343
1.641651
1.322198
2.345724
3.102704
1.576070
1.498920
1.767527
2.521821
1.428701
1.779255
2.088739
1.579957
2.155303
3.181205
3.797683
3.626578
4.072967
5.533444
5.180054
5.460714
2.177587
2.325657
1.943761
1.754394
2.384566
1.392453
1.108480
1.430842
1.150413
1.613472
2.255962
2.412653
1.406695
1.970270
1.440977
2.432458
2.078985
3.204069
4.541795
4.056416
3.447398
1.805693
2.730890
2.815840
3.103093
4.191252
5.541301
1.466252
1.629118
1.440308
2.216674
1.943775
2.699261
3.123417
1.559689
1.731964
1.638331
1.858935
1.666393
1.475154
2.790821
3.590619
3.392215
2.561643
1.489382
1.958069
3.804417
2.954032
3.910331
1.773691
1.038284
1.984869
1.663060
2.211851
3.213828
3.810023
3.765241
3.363143
1.840679
1.854023
1.492639
1.951123
1.646132
2.212032
1.838128
1.471606
1.890645
2.341665
1.555351
1.351901
2.026772
1.901215
1.407395
1.957926
2.754610
1.609221
2.006109
2.161562
2.772618
1.497357
2.662394
3.371502
2.845051
1.954509
1.104964
2.768973
3.838273
4.884377
5.874657
1.271784
2.442244
2.777963
1.824475
1.210497
2.828088
2.808110
1.511558
2.841260
1.164736
1.990403
1.885171
2.607029
1.908761
2.064990
2.143889
3.106938
2.294108
3.284520
1.134784
1.147790
2.777347
4.307995
4.498161
5.266793
5.992096
5.808481
2.278924
2.794289
3.297093
4.380583
4.666924
5.637006
5.952297
6.349515
6.691451
7.495402
7.751653
6.749675
4.454190
5.245239
6.410146
5.745697
6.201260
7.016588
1.818155
2.397923
4.048912
1.768148
2.201465
3.052337
1.545092
1.115924
1.774770
3.482545
3.376487
3.035334
1.112974
1.358411
1.872005
1.555027
1.723194
1.918623
1.401071
2.202381
2.423470
2.760577
3.757855
1.045086
1.351820
2.657014
3.738900
4.113194
5.700274
1.853000
2.625054
4.296721
1.039036
1.990225
3.626517
1.599609
1.712917
3.586507
4.618144
4.509188
1.535054
2.591231
4.039175
4.459777
5.613575
3.463076
2.582490
3.751589
4.373371
5.657338
6.358640
1.741960
2.851519
4.094609
4.886687
4.239708
5.636617
7.049570
7.404418
8.636487
8.090007
6.044921
5.343389
1.600238
2.573256
3.112776
1.722911
1.133254
1.499328
1.069857
1.221800
1.822592
1.317749
1.562081
3.196433
4.257973
4.586728
4.470894
4.616796
5.288492
4.420043
4.507404
5.321997
6.278175
8.175459
9.322906
8.277345
6.739538
5.973327
1.816731
1.751293
1.659871
3.275277
4.732558
2.269850
3.133931
4.739876
3.871038
2.440320
3.268985
4.519978
5.238009
5.133058
4.292883
3.478630
2.307000
2.404482
1.176639
1.523054
1.316808
2.764793
1.029513
1.715729
1.886442
1.786310
1.962806
2.929470
3.380824
4.293628
2.834665
2.694846
2.099488
1.495779
1.745995
1.948264
1.643406
3.378325
3.099303
2.342061
2.217150
2.248691
3.500976
3.829175
4.538466
4.075818
4.896385
3.223814
1.300562
1.380790
1.107460
1.217693
2.011162
1.390392
2.778177
4.312080
1.999638
1.549906
2.451718
2.909717
3.866168
4.082733
2.756280
3.544288
1.730074
2.838039
3.485243
2.537831
3.704936
4.959800
5.831820
6.212620
7.990131
5.552677
6.634377
7.855968
5.659527
6.538019
8.080140
6.973536
8.177991
8.674844
7.547997
4.801102
4.217952
4.138253
5.373825
5.172672
5.461441
5.553584
1.824896
2.454367
1.682378
1.580291
2.790369
3.488161
4.189250
3.922717
4.280726
5.008852
3.482413
3.673254
1.060251
1.357562
1.864338
1.505624
3.090785
4.082804
2.258426
3.271698
4.234324
5.242578
3.645342
1.617114
1.699120
1.667434
2.417751
3.731511
4.356433
5.295435
5.832401
6.613459
7.237665
5.355810
5.058276
5.868879
4.386885
5.531861
6.614621
7.708390
8.170649
6.805485
7.889086
9.022822
10.328347
10.618841
11.803107
12.405257
12.609387
11.833697
13.357028
13.284901
11.781379
13.004102
8.223933
8.891411
9.971903
10.307396
11.371820
12.567154
11.962727
7.259519
5.973237
4.969026
4.245293
2.808323
3.833308
1.766393
1.756308
1.745129
2.157811
3.224903
3.842497
1.597127
1.917334
2.957491
4.184667
4.519588
1.881031
1.224271
2.619469
2.387207
1.068692
2.829300
1.558387
1.897839
2.369254
2.202201
2.585415
1.079841
1.000149
1.183769
1.690487
1.481839
2.441973
2.876570
2.867354
2.480814
2.655279
3.624806
4.749636
1.750806
2.795544
3.184548
1.025844
1.508613
1.818821
2.549507
2.446795
3.890774
1.681847
1.524403
1.436085
1.265774
1.169049
1.145621
1.701307
3.491258
1.889670
1.268410
1.405046
1.963479
1.090185
1.349895
2.563882
1.186796
2.050922
2.991504
3.155362
4.568127
3.443087
2.528391
2.537321
1.164303
1.049913
2.225276
1.547111
1.571825
1.587088
2.215344
3.229595
1.249567
1.869740
2.037065
3.703476
2.542182
4.237817
4.994178
4.624338
3.500696
1.887885
1.754332
1.289986
2.105811
2.429085
2.031373
1.813431
3.086125
3.736018
4.708119
5.535141
4.969207
2.242606
3.708153
2.616496
3.569306
4.425373
1.106407
2.384627
2.835873
3.366010
1.744715
1.122543
1.502878
1.306176
2.634085
2.308599
2.904029
3.320345
4.327507
5.199368
6.515892
1.579700
1.693616
3.239911
4.615014
5.780907
1.486950
2.894152
2.772766
4.500386
3.567783
3.145772
2.866207
3.947855
4.136330
5.691638
7.410111
7.650418
9.157280
4.614516
6.098403
4.609609
5.807938
6.535965
7.660362
6.549639
7.238149
7.107025
8.616159
9.079555
7.395504
8.145531
4.334228
4.644836
5.017604
1.840583
3.405979
4.621575
5.106107
6.484194
6.761980
7.208091
7.969971
8.951414
10.480794
11.604917
11.102210
9.723425
7.885493
8.640200
2.963375
1.849649
1.404380
2.687072
3.963568
4.936304
6.048176
4.588234
4.910309
6.234794
3.147871
1.707242
1.260971
1.529896
2.689918
1.938590
2.722851
1.339742
1.681042
3.219199
4.686994
6.277960
5.542864
1.925515
1.525359
2.463380
1.630403
1.190799
1.051755
1.287202
1.627916
2.690920
2.361700
1.795058
2.221706
2.670313
4.120000
4.302746
4.294394
2.649078
1.135811
1.750516
3.391597
1.926033
2.001521
1.284793
1.246538
2.762908
1.019299
1.564453
3.166624
1.963575
1.419527
1.974353
1.007129
2.060493
3.027089
4.801597
1.002516
1.440219
2.321126
1.940578
2.912927
1.161644
1.738549
1.501656
2.806741
2.156316
2.160224
3.490139
4.762577
3.192472
1.993054
2.893882
1.217714
2.177455
3.498589
1.288728
1.744611
2.074406
2.014090
1.099929
2.790728
1.239149
1.198480
1.844888
1.575576
1.630746
1.728243
1.040206
1.956672
3.909205
5.342889
1.016041
1.293438
2.810356
2.635647
1.280327
1.801674
1.615629
1.034424
1.704370
2.378889
3.597482
2.385425
2.895571
3.270054
1.631881
1.463274
1.708109
1.634873
2.086958
2.995567
3.776873
4.987696
2.617622
2.470926
1.250258
1.184912
2.423870
1.918363
3.018408
3.679402
3.638334
3.208327
1.849118
3.070565
2.357393
3.403698
4.598895
1.780173
1.772800
1.829915
1.820673
1.726927
1.496093
1.893854
1.789816
2.469326
3.048097
1.844525
1.073828
1.750226
1.164044
1.559261
1.100411
1.924625
2.751935
3.525846
1.557801
2.723516
4.639487
3.991620
1.818868
3.176546
3.510207
1.588258
1.808904
2.073536
2.706533
1.679326
3.045830
2.508532
3.042121
4.356364
4.369565
5.609032
3.623951
4.612678
1.999860
2.942030
1.867894
2.271194
1.912981
1.538481
1.796649
2.175052
3.994513
5.452265
6.863811
6.217665
7.204163
7.707322
8.978551
8.399094
7.243622
8.655985
7.297586
7.149735
7.812244
8.719965
9.733305
10.023470
11.205273
10.421533
9.579411
10.767208
11.546669
9.378786
10.385353
9.524466
8.225320
8.968100
10.427699
10.953414
12.072574
8.908732
3.980062
3.693798
4.664717
5.833255
5.226513
3.429120
4.496051
1.794216
1.606309
1.468605
1.215293
2.047690
1.651672
1.844564
1.953905
1.949305
1.897305
2.862122
3.564797
5.017539
5.695303
7.578420
6.858931
8.116807
8.788973
9.818699
11.137283
9.340032
7.795512
6.143513
1.345103
2.015845
2.546644
3.520790
3.932046
5.364361
1.917087
1.959056
3.454858
1.944268
1.802777
2.031882
2.424932
3.591356
4.728510
1.390266
1.622780
1.933848
2.923908
1.414997
1.413239
2.844771
1.526752
2.913168
3.252207
4.945206
5.984497
6.311258
5.773424
5.616912
5.963523
6.980060
6.226924
4.631333
5.270669
5.100513
5.525382
6.057327
7.366406
3.726661
1.481616
3.197002
1.535884
1.633576
2.754908
2.733560
4.585223
2.743393
1.835139
1.985240
1.549198
1.448614
1.057637
1.201450
1.175402
1.817475
1.315847
1.253292
1.637904
1.465221
1.297927
1.887545
1.654222
3.195267
4.591174
1.810374
1.908256
1.946957
3.232042
3.136205
3.775621
1.250585
2.879978
1.415713
2.818802
1.305418
1.986085
1.537782
1.876440
1.131324
1.989065
1.160452
2.292598
1.560420
1.014569
1.247291
1.982635
1.765510
3.661183
3.076889
3.722665
2.025529
2.606274
3.033653
2.083116
3.286562
1.742105
1.282344
1.660357
2.142699
1.772349
2.764829
4.296441
6.115219
3.446206
3.560961
4.179346
2.919501
2.214744
1.456112
2.597942
2.310021
3.386251
4.239029
5.756724
7.546972
8.281582
9.991557
11.273759
11.463097
13.106130
13.901568
14.774062
10.997696
6.614596
5.727969
6.677541
7.585570
7.692017
8.780036
10.073309
11.589554
11.354636
12.190355
10.850173
8.570378
10.100559
10.716650
10.254565
8.206929
4.106101
1.520328
3.012503
1.156199
2.968997
3.275499
2.784918
3.562552
1.895879
2.755808
1.412487
1.279609
1.898590
3.354284
2.390188
2.407611
3.838338
3.425686
2.551900
2.760163
2.276302
2.143206
3.514478
1.126233
1.387092
2.686190
3.286063
3.052969
2.385568
3.253496
3.795455
4.918206
4.874078
5.205831
6.136345
8.111873
9.513283
10.123552
10.186584
10.905794
12.553728
12.103233
11.968019
12.288530
12.495682
9.010388
10.531740
11.145059
8.931506
4.835316
5.141123
1.981061
2.859264
4.073238
4.115834
4.568143
4.346507
5.823402
2.805338
1.745144
1.633784
2.061557
2.272729
1.825072
2.709039
1.613702
1.878038
2.318970
3.178686
1.266969
2.119110
1.571859
1.197520
1.468478
3.289148
3.983206
4.864641
3.300098
3.230390
1.508820
1.808079
3.061248
2.683748
1.934491
1.734323
3.161145
3.213039
1.552386
1.491427
1.981517
2.279182
1.458170
1.328643
2.986120
1.266219
1.656180
1.449439
3.243695
3.693923
1.072253
2.264821
2.807497
3.587412
3.977207
5.357555
6.569773
7.982472
9.094794
10.468227
9.307697
10.397499
8.886825
7.274286
6.115185
6.420356
6.995753
6.559349
6.788955
6.573233
6.543696
5.595464
5.530475
6.452577
7.098859
4.601517
4.553505
6.103603
4.593151
5.403482
6.417156
6.239861
6.016097
3.879366
4.194949
4.723379
5.055343
5.294960
4.126536
3.547239
3.749063
2.045708
1.874947
2.921877
1.580717
2.011326
2.037661
2.870749
1.404252
2.598479
1.928430
1.289653
2.725105
3.859986
4.216523
5.524150
3.014912
4.061678
4.918204
3.272643
4.222188
4.047853
4.960815
5.227952
4.131379
2.633668
2.821928
