Inverse CDF Variates:
4.804 5.259 6.917 5.910 7.250 5.277 6.823 6.685 7.856 7.219 
5.128 5.286 6.452 6.428 6.797 6.801 6.840 4.899 7.134 5.005 
6.004 5.214 6.528 4.406 5.376 5.452 7.131 7.322 5.515 5.735 
5.298 5.760 6.757 7.025 4.642 5.946 7.062 6.269 5.611 5.885 
6.589 4.456 5.256 6.426 4.909 7.177 7.093 6.456 5.045 6.847 
6.473 7.228 7.517 7.300 5.341 5.430 6.947 6.462 6.726 5.916 
6.676 4.754 6.309 5.828 7.074 6.196 5.669 6.936 6.027 6.792 
5.066 5.916 6.826 6.446 5.970 6.115 7.064 6.084 7.519 4.624 
6.002 6.070 5.018 6.273 6.861 5.139 4.455 7.035 6.504 7.905 
6.404 5.927 6.088 6.160 7.596 5.734 7.723 4.681 6.146 6.410 
[900 MORE VARIATES]
mean from inversion: 6.323962

Acceptance/Rejection Variates:
6.742 6.661 4.537 6.488 5.315 7.549 6.970 7.124 6.457 6.221 
5.791 6.617 5.735 7.178 5.779 5.583 7.208 7.064 5.518 4.075 
6.827 5.319 5.226 6.332 5.899 7.495 5.877 7.541 7.375 7.392 
5.885 7.762 7.248 7.113 7.568 7.576 5.782 4.949 6.888 7.259 
7.375 6.669 7.572 6.144 7.136 7.934 7.368 6.942 5.530 5.042 
6.436 7.592 6.017 6.437 5.659 6.035 5.016 6.207 6.536 5.735 
4.766 6.834 4.663 5.983 7.150 6.896 6.648 6.328 6.776 6.622 
4.996 6.734 6.879 6.682 6.534 7.560 7.612 6.895 6.323 6.825 
5.263 5.065 7.424 6.862 6.835 5.317 7.691 7.460 6.478 7.360 
5.075 5.455 6.720 7.221 6.189 7.075 5.222 6.972 6.941 5.641 
[900 MORE VARIATES]
mean from acceptance/rejection: 6.344495

Composition Variates:
6.371 4.163 7.019 4.386 6.374 4.917 6.291 5.626 6.393 7.812 
4.867 6.372 5.156 7.419 4.805 7.345 5.799 6.976 6.113 5.999 
4.985 5.671 6.404 6.256 7.861 6.123 6.820 5.826 5.418 7.254 
5.157 6.963 6.399 5.172 5.980 5.176 5.077 6.997 5.249 6.993 
5.081 7.894 5.636 4.420 5.343 5.158 6.696 5.442 4.816 7.568 
6.989 7.093 6.948 7.209 6.429 7.172 7.047 6.994 5.706 6.832 
4.285 6.785 7.313 6.736 5.733 5.696 5.352 6.206 6.968 7.731 
7.599 5.928 5.989 5.817 6.862 5.593 7.368 5.360 6.242 6.892 
6.186 7.487 6.886 6.469 7.283 6.355 5.374 5.810 4.863 7.260 
6.611 6.127 6.148 7.141 7.781 7.408 6.060 7.161 6.146 5.965
[900 MORE VARIATES]
mean for composition: 6.316081
